7.85,-7.276425,112.79021,5.00711512566
7.83,-7.276403333,112.79024,5.00731015205
-----------------------------------------------30 ml
9.708,-7.27641,112.790253333,5.0068128109
10.227,-7.27646,112.790248333,3.00472712517
-----------------------------------------------40ml
12.954,-7.276453333,112.790253333,4.00582695007
13.185,-7.276433333,112.790275,3.00445199013
--------------------------------------------50 ml
14.718,-7.276463333,112.79024,4.0060198307
13.782,-7.276456667,112.790238333,4.0059800148
----------------------------------------------60ml
7.557,-7.27644,112.790253333,3.00450611115
8.015,-7.276445,112.790223333,3.0047659874
-------------------------------------------30ml
15.562,-7.27642,112.790258333,4.0062110424
14.857,-7.276396667,112.790276667,4.00571703911
------------------------------------------------70ml
6.045,-7.276416667,112.790228333,3.00951600075
7.418,-7.276411667,112.790228333,2.0030579567
-----------------------------------------------30sg
9.6,-7.276435,112.790233333,2.00341391563
9.584,-7.276411667,112.790235,2.00302100182
----------------------------------------------40sg
12.311,-7.276445,112.790231667,2.0030579567
11.446,-7.276458333,112.790213333,1.00176405907
-----------------------------------------------50sg
13.54,-7.27646,112.790208333,2.00308799744
13.319,-7.276458333,112.790223333,2.00463891029
-----------------------------------------------60sg
13.803,-7.27641,112.790256667,2.00285506248
----------------------------------------------70sg
