8.015,-7.276445,112.790223333,3.0047659874
--------------------------------------------30 ml
10.227,-7.27646,112.790248333,3.00472712517
--------------------------------------------40ml
13.185,-7.276433333,112.790275,3.00445199013
--------------------------------------------50ml
14.718,-7.276463333,112.79024,4.0060198307
--------------------------------------------60ml
15.562,-7.27642,112.790258333,4.0062110424
--------------------------------------------70ml
7.418,-7.276411667,112.790228333,2.0030579567
--------------------------------------------30sg
9.584,-7.276411667,112.790235,2.00302100182
--------------------------------------------40sg
12.311,-7.276445,112.790231667,2.0030579567
--------------------------------------------50sg
13.319,-7.276458333,112.790223333,2.00463891029
--------------------------------------------60sg
15.803,-7.27641,112.790256667,2.00285506248
--------------------------------------------70sg


