1130,-0.06,-0.03,0.96,69.264,-7.552731667,112.70103,2.015,2018-04-28T06:05:45.000Z
1131,0.01,-0.03,0.92,68.7456,-7.55258,112.700946667,2.015,2018-04-28T06:05:46.000Z
1132,-0.06,-0.02,0.96,68.7456,-7.55258,112.700946667,2.015,2018-04-28T06:05:46.000Z
1133,-0.03,-0.07,1.08,68.634,-7.552428333,112.70087,2.015,2018-04-28T06:05:47.000Z
1134,-0.03,-0.05,0.97,68.634,-7.552428333,112.70087,2.015,2018-04-28T06:05:47.000Z
1135,-0.09,-0.03,0.89,67.6368,-7.552275,112.700798333,2.015,2018-04-28T06:05:48.000Z
1136,0.04,-0.05,0.96,67.6368,-7.552275,112.700798333,2.015,2018-04-28T06:05:48.000Z
1137,-0.02,-0.03,1.05,65.988,-7.552123333,112.70073,2.015,2018-04-28T06:05:49.000Z
1138,-0.03,-0.04,0.9,65.988,-7.552123333,112.70073,2.015,2018-04-28T06:05:49.000Z
1139,0.02,-0.02,0.92,65.988,-7.552123333,112.70073,2.015,2018-04-28T06:05:49.000Z
1140,0.03,-0.03,1.05,66.7656,-7.551968333,112.700661667,2.015,2018-04-28T06:05:50.000Z
1141,0.06,-0.03,0.98,66.2832,-7.551815,112.700596667,2.015,2018-04-28T06:05:51.000Z
1142,0.01,-0.03,1.0,66.2832,-7.551815,112.700596667,2.015,2018-04-28T06:05:51.000Z
1143,0.01,-0.04,0.96,65.448,-7.55166,112.700536667,2.015,2018-04-28T06:05:52.000Z
1144,0.01,-0.05,1.05,65.448,-7.55166,112.700536667,2.015,2018-04-28T06:05:52.000Z
1145,0.02,-0.04,1.01,65.448,-7.551505,112.70048,2.015,2018-04-28T06:05:53.000Z
1146,0.03,-0.02,0.98,65.448,-7.551505,112.70048,2.015,2018-04-28T06:05:53.000Z
1147,0.01,-0.02,1.01,65.1348,-7.55135,112.700425,2.015,2018-04-28T06:05:54.000Z
1148,0.01,-0.04,1.03,65.1348,-7.55135,112.700425,2.015,2018-04-28T06:05:54.000Z
1149,-0.01,-0.02,0.96,65.2284,-7.551193333,112.700373333,2.015,2018-04-28T06:05:55.000Z
1150,0.01,-0.02,0.98,65.2284,-7.551193333,112.700373333,2.015,2018-04-28T06:05:55.000Z
1151,0.02,-0.04,1.02,66.9492,-7.551033333,112.700323333,2.015,2018-04-28T06:05:56.000Z
1152,0.03,-0.02,1.06,66.9492,-7.551033333,112.700323333,2.015,2018-04-28T06:05:56.000Z
1153,0.01,-0.03,0.93,66.5964,-7.550873333,112.70027,2.015,2018-04-28T06:05:57.000Z
1154,0.01,-0.02,1.0,66.5964,-7.550873333,112.70027,2.015,2018-04-28T06:05:57.000Z
1155,0.01,-0.03,1.04,66.654,-7.550715,112.700221667,2.015,2018-04-28T06:05:58.000Z
1156,0.03,-0.01,1.04,66.654,-7.550715,112.700221667,2.015,2018-04-28T06:05:58.000Z
1157,0.02,-0.04,0.96,66.7836,-7.550555,112.700175,2.015,2018-04-28T06:05:59.000Z
1158,0.06,-0.02,1.21,66.7836,-7.550555,112.700175,2.015,2018-04-28T06:05:59.000Z
1159,-0.01,-0.04,0.99,66.7836,-7.550395,112.700126667,2.015,2018-04-28T06:06:00.000Z
1160,-0.01,-0.03,1.01,66.7836,-7.550395,112.700126667,2.015,2018-04-28T06:06:00.000Z
1161,0.05,-0.03,0.99,66.3372,-7.550238333,112.700078333,2.015,2018-04-28T06:06:01.000Z
1162,0.03,-0.04,1.0,66.3372,-7.550238333,112.700078333,2.015,2018-04-28T06:06:01.000Z
1163,0.01,-0.05,1.02,66.8016,-7.550078333,112.700031667,2.015,2018-04-28T06:06:02.000Z
1164,-0.05,-0.03,1.11,66.8016,-7.549916667,112.699986667,2.015,2018-04-28T06:06:03.000Z
1165,-0.01,-0.02,1.0,66.8016,-7.549916667,112.699986667,2.015,2018-04-28T06:06:03.000Z
1166,0.04,-0.04,1.02,66.7656,-7.549755,112.699943333,2.015,2018-04-28T06:06:04.000Z
1167,-0.04,-0.03,1.01,66.7656,-7.549755,112.699943333,2.015,2018-04-28T06:06:04.000Z
1168,-0.09,-0.03,1.02,66.7656,-7.549755,112.699943333,2.015,2018-04-28T06:06:04.000Z
1169,-0.03,-0.03,1.03,66.4488,-7.549595,112.699905,2.015,2018-04-28T06:06:05.000Z
1170,-0.03,-0.02,0.92,66.5244,-7.549431667,112.699865,2.015,2018-04-28T06:06:06.000Z
1171,-0.01,-0.03,0.98,66.5244,-7.549431667,112.699865,2.015,2018-04-28T06:06:06.000Z
1172,-0.0,-0.03,1.06,67.266,-7.549266667,112.699825,2.015,2018-04-28T06:06:07.000Z
1173,-0.03,-0.03,0.96,67.266,-7.549266667,112.699825,2.015,2018-04-28T06:06:07.000Z
1174,-0.01,-0.03,1.01,67.374,-7.549098333,112.699795,2.015,2018-04-28T06:06:08.000Z
1175,-0.03,-0.03,0.92,67.374,-7.549098333,112.699795,2.015,2018-04-28T06:06:08.000Z
1176,0.01,-0.01,0.92,67.338,-7.548926667,112.699771667,2.015,2018-04-28T06:06:09.000Z
1177,-0.01,-0.02,1.09,67.338,-7.548926667,112.699771667,2.015,2018-04-28T06:06:09.000Z
1178,-0.05,-0.04,0.99,67.338,-7.548926667,112.699771667,2.015,2018-04-28T06:06:09.000Z
1179,0.01,-0.02,0.96,67.338,-7.548755,112.69975,2.015,2018-04-28T06:06:10.000Z
1180,0.01,-0.04,1.03,67.4136,-7.548586667,112.699733333,2.015,2018-04-28T06:06:11.000Z
1181,-0.05,-0.05,0.99,67.4136,-7.548586667,112.699733333,2.015,2018-04-28T06:06:11.000Z
1182,-0.02,-0.02,0.95,67.7448,-7.548413333,112.699718333,2.015,2018-04-28T06:06:12.000Z
1183,-0.02,-0.02,0.97,67.7448,-7.548413333,112.699718333,2.015,2018-04-28T06:06:12.000Z
1184,-0.08,-0.05,1.05,67.6152,-7.54824,112.699705,2.015,2018-04-28T06:06:13.000Z
1185,-0.04,-0.01,0.98,67.6152,-7.54824,112.699705,2.015,2018-04-28T06:06:13.000Z
1186,-0.01,-0.01,0.94,67.6152,-7.548068333,112.699696667,2.015,2018-04-28T06:06:14.000Z
1187,-0.04,-0.03,1.0,67.6152,-7.548068333,112.699696667,2.015,2018-04-28T06:06:14.000Z
1188,-0.07,-0.03,1.05,67.6152,-7.548068333,112.699696667,2.015,2018-04-28T06:06:14.000Z
1189,-0.02,-0.02,1.0,68.0616,-7.547895,112.699695,2.015,2018-04-28T06:06:15.000Z
1190,-0.03,-0.02,0.98,68.1732,-7.547718333,112.699705,2.015,2018-04-28T06:06:16.000Z
1191,-0.02,-0.02,1.01,68.1732,-7.547718333,112.699705,2.015,2018-04-28T06:06:16.000Z
1192,-0.06,-0.03,1.04,68.3028,-7.54754,112.699736667,2.015,2018-04-28T06:06:17.000Z
1193,-0.11,-0.03,1.01,68.3028,-7.54754,112.699736667,2.015,2018-04-28T06:06:17.000Z
1194,-0.06,-0.04,1.02,68.3568,-7.547366667,112.699758333,2.015,2018-04-28T06:06:18.000Z
1195,-0.04,-0.04,1.0,68.3568,-7.547366667,112.699758333,2.015,2018-04-28T06:06:18.000Z
1196,-0.05,-0.02,0.99,68.004,-7.547193333,112.699775,2.015,2018-04-28T06:06:19.000Z
1197,-0.02,-0.02,0.99,68.004,-7.547193333,112.699775,2.015,2018-04-28T06:06:19.000Z
1198,-0.0,-0.01,1.0,68.004,-7.547193333,112.699775,2.015,2018-04-28T06:06:19.000Z
1199,-0.03,-0.01,0.92,68.0976,-7.547023333,112.69979,2.015,2018-04-28T06:06:20.000Z
1200,0.02,-0.02,1.06,68.2092,-7.546853333,112.699813333,2.015,2018-04-28T06:06:21.000Z
1201,0.02,-0.02,1.0,68.2092,-7.546853333,112.699813333,2.015,2018-04-28T06:06:21.000Z
1202,0.01,-0.02,1.03,68.2632,-7.546683333,112.699838333,2.015,2018-04-28T06:06:22.000Z
1203,0.01,-0.01,1.0,68.2632,-7.546683333,112.699838333,2.015,2018-04-28T06:06:22.000Z
1204,0.06,-0.02,0.99,68.2092,-7.546513333,112.699861667,2.015,2018-04-28T06:06:23.000Z
1205,-0.02,-0.0,1.13,68.2092,-7.546513333,112.699861667,2.015,2018-04-28T06:06:23.000Z
1206,-0.0,-0.02,0.9,68.2452,-7.546343333,112.699886667,2.015,2018-04-28T06:06:24.000Z
1207,0.01,-0.04,0.92,68.2452,-7.546343333,112.699886667,2.015,2018-04-28T06:06:24.000Z
1208,-0.0,-0.02,1.16,67.8024,-7.546175,112.699913333,2.015,2018-04-28T06:06:25.000Z
1209,-0.04,-0.04,1.16,67.8024,-7.546175,112.699913333,2.015,2018-04-28T06:06:25.000Z
1210,-0.0,-0.04,0.93,68.0976,-7.546005,112.699941667,2.015,2018-04-28T06:06:26.000Z
1211,0.04,-0.04,1.06,68.0976,-7.546005,112.699941667,2.015,2018-04-28T06:06:26.000Z
1212,0.03,-0.02,1.01,68.5224,-7.545835,112.699975,2.015,2018-04-28T06:06:27.000Z
1213,-0.04,-0.02,0.94,68.5224,-7.545835,112.699975,2.015,2018-04-28T06:06:27.000Z
1214,-0.03,-0.04,1.01,67.4136,-7.545671667,112.700005,2.015,2018-04-28T06:06:28.000Z
1215,0.0,-0.02,0.98,67.4136,-7.545671667,112.700005,2.015,2018-04-28T06:06:28.000Z
1216,-0.02,0.01,0.99,67.914,-7.545501667,112.700031667,2.015,2018-04-28T06:06:29.000Z
1217,0.02,-0.03,1.0,67.914,-7.545501667,112.700031667,2.015,2018-04-28T06:06:29.000Z
1218,0.01,-0.04,1.08,67.914,-7.545333333,112.700058333,2.015,2018-04-28T06:06:30.000Z
1219,-0.03,-0.03,0.84,67.914,-7.545333333,112.700058333,2.015,2018-04-28T06:06:30.000Z
1220,0.02,-0.06,1.11,67.968,-7.545163333,112.700086667,2.015,2018-04-28T06:06:31.000Z
1221,0.02,-0.04,1.07,67.968,-7.545163333,112.700086667,2.015,2018-04-28T06:06:31.000Z
1222,-0.04,-0.02,0.89,70.0416,-7.54499,112.700115,2.015,2018-04-28T06:06:32.000Z
1223,-0.03,-0.04,0.98,70.4124,-7.544816667,112.700143333,2.015,2018-04-28T06:06:33.000Z
1224,-0.03,0.01,1.04,70.4124,-7.544816667,112.700143333,2.015,2018-04-28T06:06:33.000Z
1225,-0.01,-0.04,1.03,69.7284,-7.544641667,112.70017,2.015,2018-04-28T06:06:34.000Z
1226,0.06,-0.03,1.0,69.7284,-7.544641667,112.70017,2.015,2018-04-28T06:06:34.000Z
1227,-0.04,-0.04,0.99,69.7284,-7.544641667,112.70017,2.015,2018-04-28T06:06:34.000Z
1228,-0.02,-0.04,1.03,70.3584,-7.544466667,112.700198333,2.015,2018-04-28T06:06:35.000Z
1229,0.04,-0.04,1.01,70.2108,-7.544291667,112.700225,2.015,2018-04-28T06:06:36.000Z
1230,0.03,-0.06,1.03,70.2108,-7.544291667,112.700225,2.015,2018-04-28T06:06:36.000Z
1231,-0.05,-0.02,1.14,71.0784,-7.544115,112.700256667,2.015,2018-04-28T06:06:37.000Z
1232,-0.03,-0.03,1.0,71.0784,-7.544115,112.700256667,2.015,2018-04-28T06:06:37.000Z
1233,0.03,-0.05,1.05,71.19,-7.543936667,112.700286667,2.015,2018-04-28T06:06:38.000Z
1234,0.03,-0.04,0.91,71.19,-7.543936667,112.700286667,2.015,2018-04-28T06:06:38.000Z
1235,0.01,-0.03,1.09,71.136,-7.543758333,112.70032,2.015,2018-04-28T06:06:39.000Z
1236,-0.03,-0.02,1.0,71.136,-7.543758333,112.70032,2.015,2018-04-28T06:06:39.000Z
1237,0.01,-0.02,0.95,71.136,-7.543758333,112.70032,2.015,2018-04-28T06:06:39.000Z
1238,0.01,-0.05,0.96,71.5068,-7.543576667,112.700353333,2.015,2018-04-28T06:06:40.000Z
1239,-0.04,-0.03,1.07,72.3024,-7.543395,112.700386667,2.015,2018-04-28T06:06:41.000Z
1240,-0.04,-0.03,0.97,72.3024,-7.543395,112.700386667,2.015,2018-04-28T06:06:41.000Z
1241,-0.03,-0.04,0.82,72.8208,-7.543215,112.700423333,2.015,2018-04-28T06:06:42.000Z
1242,-0.0,-0.02,1.0,72.8208,-7.543215,112.700423333,2.015,2018-04-28T06:06:42.000Z
1243,-0.03,-0.04,1.08,72.2664,-7.543033333,112.700463333,2.015,2018-04-28T06:06:43.000Z
1244,-0.04,-0.03,0.99,72.2664,-7.543033333,112.700463333,2.015,2018-04-28T06:06:43.000Z
1245,-0.06,-0.03,0.95,72.6912,-7.542851667,112.7005,2.015,2018-04-28T06:06:44.000Z
1246,-0.04,-0.03,1.02,72.6912,-7.542851667,112.7005,2.015,2018-04-28T06:06:44.000Z
1247,-0.02,-0.04,1.02,72.6912,-7.542851667,112.7005,2.015,2018-04-28T06:06:44.000Z
1248,0.0,-0.02,1.0,73.116,-7.542671667,112.700543333,2.015,2018-04-28T06:06:45.000Z
1249,-0.07,-0.04,0.95,73.116,-7.542491667,112.700591667,2.015,2018-04-28T06:06:46.000Z
1250,-0.05,-0.03,0.94,73.116,-7.542491667,112.700591667,2.015,2018-04-28T06:06:46.000Z
1251,0.02,-0.03,1.06,73.1736,-7.54231,112.70064,2.015,2018-04-28T06:06:47.000Z
1252,0.06,-0.02,1.11,73.1736,-7.54231,112.70064,2.015,2018-04-28T06:06:47.000Z
1253,-0.01,-0.05,0.98,73.3392,-7.54213,112.70069,2.015,2018-04-28T06:06:48.000Z
1254,0.08,-0.01,0.91,73.3392,-7.54213,112.70069,2.015,2018-04-28T06:06:48.000Z
1255,-0.02,-0.04,1.1,74.7648,-7.541946667,112.700743333,2.015,2018-04-28T06:06:49.000Z
1256,-0.07,-0.04,0.99,74.7648,-7.541946667,112.700743333,2.015,2018-04-28T06:06:49.000Z
1257,0.03,-0.02,0.99,74.34,-7.541761667,112.700796667,2.015,2018-04-28T06:06:50.000Z
1258,0.08,-0.05,0.94,74.34,-7.541761667,112.700796667,2.015,2018-04-28T06:06:50.000Z
1259,0.02,-0.03,1.01,74.6172,-7.54158,112.70085,2.015,2018-04-28T06:06:51.000Z
1260,0.01,-0.05,1.04,74.6172,-7.54158,112.70085,2.015,2018-04-28T06:06:51.000Z
1261,-0.01,-0.05,0.93,74.7828,-7.5414,112.700901667,2.015,2018-04-28T06:06:52.000Z
1262,0.01,-0.05,1.09,74.7828,-7.5414,112.700901667,2.015,2018-04-28T06:06:52.000Z
1263,0.08,-0.03,0.98,75.1356,-7.541221667,112.700953333,2.015,2018-04-28T06:06:53.000Z
1264,0.0,-0.05,1.02,75.1356,-7.541221667,112.700953333,2.015,2018-04-28T06:06:53.000Z
1265,-0.03,-0.04,0.97,74.7288,-7.541043333,112.701005,2.015,2018-04-28T06:06:54.000Z
1266,-0.02,-0.04,1.05,74.7288,-7.541043333,112.701005,2.015,2018-04-28T06:06:54.000Z
1267,0.02,-0.05,1.04,74.7288,-7.540865,112.701055,2.015,2018-04-28T06:06:55.000Z
1268,0.03,-0.04,1.0,74.7288,-7.540865,112.701055,2.015,2018-04-28T06:06:55.000Z
1269,-0.01,-0.05,1.07,74.8404,-7.540688333,112.701105,2.015,2018-04-28T06:06:56.000Z
1270,0.01,-0.08,0.84,74.8404,-7.540688333,112.701105,2.015,2018-04-28T06:06:56.000Z
1271,-0.08,-0.1,0.97,74.7468,-7.540513333,112.701156667,2.015,2018-04-28T06:06:57.000Z
1272,0.01,-0.06,1.13,74.7468,-7.540513333,112.701156667,2.015,2018-04-28T06:06:57.000Z
1273,0.01,-0.06,0.98,74.6352,-7.540335,112.701206667,2.015,2018-04-28T06:06:58.000Z
1274,-0.01,-0.05,0.97,74.6352,-7.540335,112.701206667,2.015,2018-04-28T06:06:58.000Z
1275,-0.0,-0.07,1.06,74.5236,-7.540156667,112.70126,2.015,2018-04-28T06:06:59.000Z
1276,-0.01,-0.1,1.0,74.5236,-7.540156667,112.70126,2.015,2018-04-28T06:06:59.000Z
1277,0.01,-0.04,1.01,72.9144,-7.539981667,112.701311667,2.015,2018-04-28T06:07:00.000Z
1278,0.01,-0.08,0.9,72.9144,-7.539981667,112.701311667,2.015,2018-04-28T06:07:00.000Z
1279,-0.05,-0.04,1.02,71.6904,-7.539808333,112.701363333,2.015,2018-04-28T06:07:01.000Z
1280,-0.08,-0.07,0.91,70.506,-7.539638333,112.701411667,2.015,2018-04-28T06:07:02.000Z
1281,0.03,-0.04,0.96,70.506,-7.539638333,112.701411667,2.015,2018-04-28T06:07:02.000Z
1282,0.01,-0.05,1.03,69.84,-7.539468333,112.70146,2.015,2018-04-28T06:07:03.000Z
1283,0.0,-0.05,1.04,69.84,-7.539468333,112.70146,2.015,2018-04-28T06:07:03.000Z
1284,-0.02,-0.04,1.03,69.894,-7.5393,112.701508333,2.015,2018-04-28T06:07:04.000Z
1285,-0.03,-0.04,1.08,69.894,-7.5393,112.701508333,2.015,2018-04-28T06:07:04.000Z
1286,0.01,-0.04,1.04,69.894,-7.5393,112.701508333,2.015,2018-04-28T06:07:04.000Z
1287,0.06,-0.04,1.0,69.9516,-7.53913,112.701556667,2.015,2018-04-28T06:07:05.000Z
1288,-0.02,-0.05,0.88,69.5988,-7.538963333,112.701605,2.015,2018-04-28T06:07:06.000Z
1289,0.01,-0.05,1.15,69.5988,-7.538963333,112.701605,2.015,2018-04-28T06:07:06.000Z
1290,-0.01,-0.04,1.15,69.282,-7.538796667,112.701653333,2.015,2018-04-28T06:07:07.000Z
1291,-0.01,-0.02,0.92,69.282,-7.538796667,112.701653333,2.015,2018-04-28T06:07:07.000Z
1292,0.01,-0.02,0.91,69.3576,-7.53863,112.701701667,2.015,2018-04-28T06:07:08.000Z
1293,-0.01,-0.03,1.0,69.3576,-7.53863,112.701701667,2.015,2018-04-28T06:07:08.000Z
1294,0.02,-0.02,1.0,68.8572,-7.538461667,112.701748333,2.015,2018-04-28T06:07:09.000Z
1295,-0.03,-0.04,1.08,68.8572,-7.538461667,112.701748333,2.015,2018-04-28T06:07:09.000Z
1296,-0.03,-0.02,0.92,68.8572,-7.538461667,112.701748333,2.015,2018-04-28T06:07:09.000Z
1297,0.04,-0.03,1.09,68.9868,-7.538291667,112.701798333,2.015,2018-04-28T06:07:10.000Z
1298,0.04,-0.03,1.06,68.9112,-7.538123333,112.701846667,2.015,2018-04-28T06:07:11.000Z
1299,-0.03,-0.01,0.9,68.9112,-7.538123333,112.701846667,2.015,2018-04-28T06:07:11.000Z
1300,0.07,-0.04,1.03,68.8932,-7.537955,112.701891667,2.015,2018-04-28T06:07:12.000Z
1301,0.1,-0.03,1.07,68.8932,-7.537955,112.701891667,2.015,2018-04-28T06:07:12.000Z
1302,0.02,-0.04,0.94,69.4692,-7.537785,112.701938333,2.015,2018-04-28T06:07:13.000Z
1303,0.03,-0.02,0.99,69.4692,-7.537785,112.701938333,2.015,2018-04-28T06:07:13.000Z
1304,0.01,-0.04,1.01,69.3936,-7.537615,112.70198,2.015,2018-04-28T06:07:14.000Z
1305,0.01,-0.04,1.01,69.3936,-7.537615,112.70198,2.015,2018-04-28T06:07:14.000Z
1306,0.02,-0.04,1.0,69.0984,-7.537445,112.70202,2.015,2018-04-28T06:07:15.000Z
1307,0.03,-0.04,1.0,69.0984,-7.537445,112.70202,2.015,2018-04-28T06:07:15.000Z
1308,0.06,-0.03,1.1,68.7276,-7.537275,112.702055,2.015,2018-04-28T06:07:16.000Z
1309,0.03,-0.03,0.96,68.7276,-7.537275,112.702055,2.015,2018-04-28T06:07:16.000Z
1310,0.02,-0.03,0.91,69.4872,-7.537105,112.702088333,2.015,2018-04-28T06:07:17.000Z
1311,0.0,-0.03,1.0,69.4872,-7.537105,112.702088333,2.015,2018-04-28T06:07:17.000Z
1312,-0.01,-0.03,1.02,69.5988,-7.536931667,112.702121667,2.015,2018-04-28T06:07:18.000Z
1313,0.01,-0.04,0.98,69.5988,-7.536931667,112.702121667,2.015,2018-04-28T06:07:18.000Z
1314,-0.03,-0.03,0.96,69.7284,-7.536758333,112.702155,2.015,2018-04-28T06:07:19.000Z
1315,0.01,-0.04,1.0,69.7284,-7.536758333,112.702155,2.015,2018-04-28T06:07:19.000Z
1316,0.02,-0.04,1.1,69.7284,-7.536583333,112.702186667,2.015,2018-04-28T06:07:20.000Z
1317,-0.04,-0.05,1.03,69.7284,-7.536583333,112.702186667,2.015,2018-04-28T06:07:20.000Z
1318,0.01,-0.04,1.0,69.7104,-7.53641,112.702215,2.015,2018-04-28T06:07:21.000Z
1319,-0.0,-0.03,0.9,69.7104,-7.53641,112.702215,2.015,2018-04-28T06:07:21.000Z
1320,-0.02,-0.02,1.0,69.9516,-7.536233333,112.702243333,2.015,2018-04-28T06:07:22.000Z
1321,-0.01,-0.03,1.07,69.9516,-7.536233333,112.702243333,2.015,2018-04-28T06:07:22.000Z
1322,-0.0,-0.02,1.0,70.3764,-7.536058333,112.702273333,2.015,2018-04-28T06:07:23.000Z
1323,0.03,-0.03,0.99,70.3764,-7.536058333,112.702273333,2.015,2018-04-28T06:07:23.000Z
1324,0.01,-0.02,1.03,70.6716,-7.535883333,112.702301667,2.015,2018-04-28T06:07:24.000Z
1325,-0.01,-0.03,0.89,70.6716,-7.535883333,112.702301667,2.015,2018-04-28T06:07:24.000Z
1326,0.03,-0.02,1.03,70.1352,-7.535706667,112.702328333,2.015,2018-04-28T06:07:25.000Z
1327,0.01,-0.03,1.01,70.2288,-7.535531667,112.702353333,2.015,2018-04-28T06:07:26.000Z
1328,0.04,-0.03,0.99,70.2288,-7.535531667,112.702353333,2.015,2018-04-28T06:07:26.000Z
1329,0.02,-0.04,0.99,70.8948,-7.535355,112.702376667,2.015,2018-04-28T06:07:27.000Z
1330,0.02,-0.04,1.06,70.8948,-7.535355,112.702376667,2.015,2018-04-28T06:07:27.000Z
1331,0.03,-0.03,0.96,70.5996,-7.53518,112.702398333,2.015,2018-04-28T06:07:28.000Z
1332,0.01,-0.02,0.94,70.5996,-7.53518,112.702398333,2.015,2018-04-28T06:07:28.000Z
1333,-0.0,-0.03,1.08,71.172,-7.535001667,112.702421667,2.015,2018-04-28T06:07:29.000Z
1334,-0.01,-0.02,0.96,71.172,-7.535001667,112.702421667,2.015,2018-04-28T06:07:29.000Z
1335,0.0,-0.03,0.96,71.172,-7.535001667,112.702421667,2.015,2018-04-28T06:07:29.000Z
1336,0.03,-0.05,1.18,71.7264,-7.534823333,112.702443333,2.015,2018-04-28T06:07:30.000Z
1337,0.03,-0.04,1.15,70.524,-7.534646667,112.702461667,2.015,2018-04-28T06:07:31.000Z
1338,-0.04,-0.04,1.01,70.578,-7.534471667,112.70248,2.015,2018-04-28T06:07:32.000Z
1339,-0.04,-0.03,0.86,70.578,-7.534471667,112.70248,2.015,2018-04-28T06:07:32.000Z
1340,0.03,-0.02,0.95,69.93,-7.534296667,112.7025,2.015,2018-04-28T06:07:33.000Z
1341,0.06,-0.04,1.1,69.93,-7.534296667,112.7025,2.015,2018-04-28T06:07:33.000Z
1342,-0.03,-0.02,0.96,70.4304,-7.53412,112.702521667,2.015,2018-04-28T06:07:34.000Z
1343,0.03,-0.03,1.0,70.4304,-7.53412,112.702521667,2.015,2018-04-28T06:07:34.000Z
1344,0.06,-0.03,1.08,70.4304,-7.53412,112.702521667,2.015,2018-04-28T06:07:34.000Z
1345,0.03,-0.02,0.98,70.8192,-7.533945,112.702546667,2.015,2018-04-28T06:07:35.000Z
1346,0.03,-0.02,0.93,71.5968,-7.533766667,112.702566667,2.015,2018-04-28T06:07:36.000Z
1347,0.01,-0.02,0.97,71.5968,-7.533766667,112.702566667,2.015,2018-04-28T06:07:36.000Z
1348,-0.03,-0.04,0.96,71.5968,-7.533585,112.702585,2.015,2018-04-28T06:07:37.000Z
1349,-0.02,-0.02,0.98,71.5968,-7.533585,112.702585,2.015,2018-04-28T06:07:37.000Z
1350,0.04,-0.02,1.04,71.7084,-7.533405,112.7026,2.015,2018-04-28T06:07:38.000Z
1351,0.05,-0.02,1.01,71.7084,-7.533405,112.7026,2.015,2018-04-28T06:07:38.000Z
1352,0.01,-0.04,0.96,71.2476,-7.533226667,112.70261,2.015,2018-04-28T06:07:39.000Z
1353,-0.02,-0.02,0.99,71.2476,-7.533226667,112.70261,2.015,2018-04-28T06:07:39.000Z
1354,-0.02,-0.04,1.01,71.2476,-7.533226667,112.70261,2.015,2018-04-28T06:07:39.000Z
1355,0.04,-0.03,1.0,71.3772,-7.533048333,112.702618333,2.015,2018-04-28T06:07:40.000Z
1356,0.05,-0.06,1.08,71.5428,-7.532865,112.702628333,2.015,2018-04-28T06:07:41.000Z
1357,0.05,-0.04,1.0,71.5428,-7.532865,112.702628333,2.015,2018-04-28T06:07:41.000Z
1358,-0.05,-0.05,0.93,71.4888,-7.532683333,112.702636667,2.015,2018-04-28T06:07:42.000Z
1359,-0.03,-0.04,1.05,71.4888,-7.532683333,112.702636667,2.015,2018-04-28T06:07:42.000Z
1360,-0.04,-0.07,0.92,71.5248,-7.5325,112.702641667,2.015,2018-04-28T06:07:43.000Z
1361,-0.03,-0.07,1.1,71.5248,-7.5325,112.702641667,2.015,2018-04-28T06:07:43.000Z
1362,-0.01,-0.04,1.08,71.6544,-7.532316667,112.702645,2.015,2018-04-28T06:07:44.000Z
1363,0.04,0.02,1.15,71.6544,-7.532316667,112.702645,2.015,2018-04-28T06:07:44.000Z
1364,-0.01,-0.05,0.98,71.5428,-7.532133333,112.702643333,2.015,2018-04-28T06:07:45.000Z
1365,0.02,-0.05,0.85,71.5428,-7.532133333,112.702643333,2.015,2018-04-28T06:07:45.000Z
1366,0.05,-0.07,1.13,70.3188,-7.531953333,112.702643333,2.015,2018-04-28T06:07:46.000Z
1367,-0.01,-0.03,1.11,70.3188,-7.531953333,112.702643333,2.015,2018-04-28T06:07:46.000Z
1368,-0.03,-0.05,1.0,70.7472,-7.531775,112.702645,2.015,2018-04-28T06:07:47.000Z
1369,-0.0,-0.06,0.93,70.7472,-7.531775,112.702645,2.015,2018-04-28T06:07:47.000Z
1370,0.01,-0.05,1.02,69.858,-7.531595,112.702636667,2.015,2018-04-28T06:07:48.000Z
1371,-0.03,-0.07,0.89,69.858,-7.531595,112.702636667,2.015,2018-04-28T06:07:48.000Z
1372,-0.08,-0.07,1.09,69.5412,-7.531418333,112.702641667,2.015,2018-04-28T06:07:49.000Z
1373,0.0,-0.03,1.04,69.5412,-7.531418333,112.702641667,2.015,2018-04-28T06:07:49.000Z
1374,-0.03,-0.06,1.03,69.4512,-7.531243333,112.702651667,2.015,2018-04-28T06:07:50.000Z
1375,-0.03,-0.05,1.02,69.4512,-7.531243333,112.702651667,2.015,2018-04-28T06:07:50.000Z
1376,-0.04,-0.04,0.9,69.228,-7.531071667,112.702661667,2.015,2018-04-28T06:07:51.000Z
1377,-0.04,-0.05,1.09,69.228,-7.531071667,112.702661667,2.015,2018-04-28T06:07:51.000Z
1378,-0.04,-0.07,0.93,68.0436,-7.530901667,112.702676667,2.015,2018-04-28T06:07:52.000Z
1379,-0.03,-0.05,0.97,68.0436,-7.530901667,112.702676667,2.015,2018-04-28T06:07:52.000Z
1380,0.06,-0.05,1.12,67.6152,-7.530731667,112.702693333,2.015,2018-04-28T06:07:53.000Z
1381,-0.03,-0.05,1.05,66.4884,-7.530563333,112.702713333,2.015,2018-04-28T06:07:54.000Z
1382,-0.02,-0.06,1.11,66.4884,-7.530563333,112.702713333,2.015,2018-04-28T06:07:54.000Z
1383,-0.03,-0.04,0.92,66.4884,-7.530563333,112.702713333,2.015,2018-04-28T06:07:54.000Z
1384,-0.01,-0.05,0.99,65.97,-7.530398333,112.702736667,2.015,2018-04-28T06:07:55.000Z
1385,-0.01,-0.07,1.06,64.8576,-7.530235,112.702763333,2.015,2018-04-28T06:07:56.000Z
1386,-0.03,-0.05,1.17,64.8576,-7.530235,112.702763333,2.015,2018-04-28T06:07:56.000Z
1387,-0.0,-0.07,1.08,63.8928,-7.530076667,112.702793333,2.015,2018-04-28T06:07:57.000Z
1388,-0.03,-0.05,1.05,63.8928,-7.530076667,112.702793333,2.015,2018-04-28T06:07:57.000Z
1389,-0.01,-0.07,0.86,63.0792,-7.529916667,112.702825,2.015,2018-04-28T06:07:58.000Z
1390,-0.02,-0.05,1.05,63.0792,-7.529916667,112.702825,2.015,2018-04-28T06:07:58.000Z
1391,0.03,-0.09,1.11,62.3016,-7.529761667,112.70286,2.015,2018-04-28T06:07:59.000Z
1392,-0.01,-0.04,1.02,62.3016,-7.529761667,112.70286,2.015,2018-04-28T06:07:59.000Z
1393,0.0,-0.07,1.06,62.3016,-7.529761667,112.70286,2.015,2018-04-28T06:07:59.000Z
1394,-0.03,-0.05,0.97,62.3016,-7.529606667,112.702893333,2.015,2018-04-28T06:08:00.000Z
1395,-0.03,-0.06,0.95,62.208,-7.529451667,112.702931667,2.015,2018-04-28T06:08:01.000Z
1396,-0.02,-0.03,0.96,62.208,-7.529451667,112.702931667,2.015,2018-04-28T06:08:01.000Z
1397,-0.01,-0.06,1.04,62.208,-7.529451667,112.702931667,2.015,2018-04-28T06:08:01.000Z
1398,-0.01,-0.05,0.93,62.154,-7.529298333,112.702971667,2.015,2018-04-28T06:08:02.000Z
1399,-0.01,-0.05,1.1,62.154,-7.529298333,112.702971667,2.015,2018-04-28T06:08:02.000Z
1400,-0.01,-0.05,0.92,62.136,-7.529148333,112.703015,2.015,2018-04-28T06:08:03.000Z
1401,-0.03,-0.04,1.12,62.136,-7.529148333,112.703015,2.015,2018-04-28T06:08:03.000Z
1402,-0.03,-0.07,0.99,61.8012,-7.528996667,112.703058333,2.015,2018-04-28T06:08:04.000Z
1403,0.01,-0.04,0.91,61.8012,-7.528996667,112.703058333,2.015,2018-04-28T06:08:04.000Z
1404,-0.03,-0.04,0.99,61.8552,-7.52885,112.7031,2.015,2018-04-28T06:08:05.000Z
1405,-0.04,-0.05,1.05,61.8552,-7.52885,112.7031,2.015,2018-04-28T06:08:05.000Z
1406,-0.02,-0.04,1.05,59.598,-7.528703333,112.703141667,2.015,2018-04-28T06:08:06.000Z
1407,-0.02,-0.07,0.9,59.598,-7.528703333,112.703141667,2.015,2018-04-28T06:08:06.000Z
1408,-0.01,-0.08,1.0,57.1356,-7.528561667,112.703185,2.015,2018-04-28T06:08:07.000Z
1409,0.0,-0.02,1.05,57.1356,-7.528561667,112.703185,2.015,2018-04-28T06:08:07.000Z
1410,0.04,-0.05,1.05,57.1536,-7.528418333,112.703225,2.015,2018-04-28T06:08:08.000Z
1411,-0.03,-0.05,0.96,57.1536,-7.528418333,112.703225,2.015,2018-04-28T06:08:08.000Z
1412,-0.04,-0.05,0.98,56.8548,-7.528278333,112.703268333,2.015,2018-04-28T06:08:09.000Z
1413,-0.01,-0.03,0.9,56.8548,-7.528278333,112.703268333,2.015,2018-04-28T06:08:09.000Z
1414,0.03,-0.09,0.98,54.6516,-7.528145,112.703305,2.015,2018-04-28T06:08:10.000Z
1415,0.01,-0.03,1.0,54.6516,-7.528145,112.703305,2.015,2018-04-28T06:08:10.000Z
1416,0.01,-0.05,0.92,53.856,-7.528013333,112.703341667,2.015,2018-04-28T06:08:11.000Z
1417,0.02,-0.03,0.8,53.856,-7.528013333,112.703341667,2.015,2018-04-28T06:08:11.000Z
1418,-0.06,-0.09,1.01,53.3916,-7.527885,112.703378333,2.015,2018-04-28T06:08:12.000Z
1419,0.03,-0.05,1.07,53.3916,-7.527885,112.703378333,2.015,2018-04-28T06:08:12.000Z
1420,0.03,-0.07,1.03,51.948,-7.527758333,112.703415,2.015,2018-04-28T06:08:13.000Z
1421,-0.04,-0.08,1.22,51.948,-7.527758333,112.703415,2.015,2018-04-28T06:08:13.000Z
1422,-0.03,-0.04,0.97,50.8356,-7.527633333,112.703448333,2.015,2018-04-28T06:08:14.000Z
1423,0.04,-0.04,1.06,50.8356,-7.527633333,112.703448333,2.015,2018-04-28T06:08:14.000Z
1424,-0.04,-0.03,0.99,49.8564,-7.527511667,112.70348,2.015,2018-04-28T06:08:15.000Z
1425,0.01,-0.05,0.97,49.8564,-7.527511667,112.70348,2.015,2018-04-28T06:08:15.000Z
1426,-0.01,-0.09,1.02,48.9492,-7.527395,112.703511667,2.015,2018-04-28T06:08:16.000Z
1427,0.0,-0.08,0.96,48.9492,-7.527395,112.703511667,2.015,2018-04-28T06:08:16.000Z
1428,0.01,-0.06,0.97,47.484,-7.52728,112.703545,2.015,2018-04-28T06:08:17.000Z
1429,0.04,-0.04,1.17,47.484,-7.52728,112.703545,2.015,2018-04-28T06:08:17.000Z
1430,-0.03,-0.09,1.07,46.7064,-7.527168333,112.70358,2.015,2018-04-28T06:08:18.000Z
1431,0.01,-0.08,0.96,46.188,-7.527058333,112.703616667,2.015,2018-04-28T06:08:19.000Z
1432,0.03,-0.06,1.08,46.188,-7.527058333,112.703616667,2.015,2018-04-28T06:08:19.000Z
1433,0.01,-0.07,0.97,46.188,-7.527058333,112.703616667,2.015,2018-04-28T06:08:19.000Z
1434,0.01,-0.06,1.14,45.2088,-7.52695,112.70365,2.015,2018-04-28T06:08:20.000Z
1435,-0.0,-0.05,1.03,44.7984,-7.526841667,112.703683333,2.015,2018-04-28T06:08:21.000Z
1436,-0.01,-0.04,0.9,44.7984,-7.526841667,112.703683333,2.015,2018-04-28T06:08:21.000Z
1437,0.03,-0.08,0.95,44.5032,-7.526736667,112.703716667,2.015,2018-04-28T06:08:22.000Z
1438,-0.01,-0.03,1.04,44.5032,-7.526736667,112.703716667,2.015,2018-04-28T06:08:22.000Z
1439,0.04,-0.04,1.03,43.3548,-7.526633333,112.703746667,2.015,2018-04-28T06:08:23.000Z
1440,0.02,-0.05,1.04,43.3548,-7.526633333,112.703746667,2.015,2018-04-28T06:08:23.000Z
1441,0.04,-0.07,1.04,42.2424,-7.526533333,112.703776667,2.015,2018-04-28T06:08:24.000Z
1442,0.01,-0.02,1.03,42.2424,-7.526533333,112.703776667,2.015,2018-04-28T06:08:24.000Z
1443,0.01,-0.06,0.97,42.2424,-7.526533333,112.703776667,2.015,2018-04-28T06:08:24.000Z
1444,0.01,-0.07,1.0,41.3172,-7.526436667,112.703805,2.015,2018-04-28T06:08:25.000Z
1445,-0.01,-0.03,0.9,40.8744,-7.526338333,112.703833333,2.015,2018-04-28T06:08:26.000Z
1446,-0.0,-0.03,0.96,40.8744,-7.526338333,112.703833333,2.015,2018-04-28T06:08:26.000Z
1447,-0.01,-0.06,0.96,39.708,-7.526243333,112.703861667,2.015,2018-04-28T06:08:27.000Z
1448,0.01,-0.03,0.96,39.708,-7.526243333,112.703861667,2.015,2018-04-28T06:08:27.000Z
1449,-0.02,-0.07,0.99,39.3012,-7.52615,112.703888333,2.015,2018-04-28T06:08:28.000Z
1450,0.05,-0.04,1.01,39.3012,-7.52615,112.703888333,2.015,2018-04-28T06:08:28.000Z
1451,0.03,-0.05,0.91,38.7072,-7.526058333,112.703915,2.015,2018-04-28T06:08:29.000Z
1452,-0.03,-0.04,0.92,38.7072,-7.526058333,112.703915,2.015,2018-04-28T06:08:29.000Z
1453,0.03,-0.05,1.04,38.7072,-7.526058333,112.703915,2.015,2018-04-28T06:08:29.000Z
1454,-0.0,-0.03,1.03,38.3544,-7.525966667,112.703941667,2.015,2018-04-28T06:08:30.000Z
1455,0.01,-0.03,1.03,38.2428,-7.525876667,112.703968333,2.015,2018-04-28T06:08:31.000Z
1456,-0.01,-0.05,1.01,38.2428,-7.525876667,112.703968333,2.015,2018-04-28T06:08:31.000Z
1457,-0.01,-0.04,0.99,37.872,-7.525786667,112.703996667,2.015,2018-04-28T06:08:32.000Z
1458,0.01,-0.04,1.01,37.872,-7.525786667,112.703996667,2.015,2018-04-28T06:08:32.000Z
1459,-0.01,-0.04,0.98,37.188,-7.525696667,112.704021667,2.015,2018-04-28T06:08:33.000Z
1460,-0.01,-0.03,1.04,37.188,-7.525696667,112.704021667,2.015,2018-04-28T06:08:33.000Z
1461,-0.03,-0.03,1.0,37.0764,-7.52561,112.704048333,2.015,2018-04-28T06:08:34.000Z
1462,0.01,-0.03,0.99,37.0764,-7.52561,112.704048333,2.015,2018-04-28T06:08:34.000Z
1463,0.01,-0.05,1.02,37.0764,-7.52552,112.704073333,2.015,2018-04-28T06:08:35.000Z
1464,0.01,-0.03,1.08,37.0764,-7.52552,112.704073333,2.015,2018-04-28T06:08:35.000Z
1465,-0.0,-0.02,0.94,36.7236,-7.525431667,112.7041,2.015,2018-04-28T06:08:36.000Z
1466,-0.01,-0.04,0.92,36.7236,-7.525431667,112.7041,2.015,2018-04-28T06:08:36.000Z
1467,-0.01,-0.04,1.03,36.2268,-7.525345,112.704125,2.015,2018-04-28T06:08:37.000Z
1468,-0.01,-0.04,1.03,36.2268,-7.525345,112.704125,2.015,2018-04-28T06:08:37.000Z
1469,0.0,-0.02,0.98,36.2628,-7.525258333,112.70415,2.015,2018-04-28T06:08:38.000Z
1470,-0.01,-0.03,1.0,36.2628,-7.525258333,112.70415,2.015,2018-04-28T06:08:38.000Z
1471,0.01,-0.03,1.02,36.4104,-7.52517,112.704176667,2.015,2018-04-28T06:08:39.000Z
1472,-0.0,-0.03,1.0,36.4104,-7.52517,112.704176667,2.015,2018-04-28T06:08:39.000Z
1473,-0.01,-0.04,0.97,36.486,-7.525081667,112.704203333,2.015,2018-04-28T06:08:40.000Z
1474,0.0,-0.03,1.02,36.486,-7.525081667,112.704203333,2.015,2018-04-28T06:08:40.000Z
1475,-0.01,-0.04,1.02,37.224,-7.524993333,112.70423,2.015,2018-04-28T06:08:41.000Z
1476,-0.01,-0.02,0.97,37.224,-7.524993333,112.70423,2.015,2018-04-28T06:08:41.000Z
1477,-0.01,-0.03,1.06,37.224,-7.524905,112.704255,2.015,2018-04-28T06:08:42.000Z
1478,-0.0,-0.03,1.0,37.224,-7.524905,112.704255,2.015,2018-04-28T06:08:42.000Z
1479,0.0,-0.03,1.01,36.3744,-7.52482,112.70428,2.015,2018-04-28T06:08:43.000Z
1480,0.0,-0.03,1.0,36.3744,-7.52482,112.70428,2.015,2018-04-28T06:08:43.000Z
1481,0.0,-0.04,0.92,36.0216,-7.524735,112.704305,2.015,2018-04-28T06:08:44.000Z
1482,-0.01,-0.02,1.04,36.0216,-7.524735,112.704305,2.015,2018-04-28T06:08:44.000Z
1483,-0.02,-0.02,1.04,36.9288,-7.524648333,112.704331667,2.015,2018-04-28T06:08:45.000Z
1484,-0.01,-0.03,0.97,37.0404,-7.52456,112.704358333,2.015,2018-04-28T06:08:46.000Z
1485,0.0,-0.04,0.98,37.0404,-7.52456,112.704358333,2.015,2018-04-28T06:08:46.000Z
1486,0.0,-0.03,1.03,36.9108,-7.524471667,112.704383333,2.015,2018-04-28T06:08:47.000Z
1487,-0.01,-0.03,1.0,36.9108,-7.524471667,112.704383333,2.015,2018-04-28T06:08:47.000Z
1488,-0.0,-0.04,0.96,35.7804,-7.524383333,112.704406667,2.015,2018-04-28T06:08:48.000Z
1489,-0.02,-0.02,1.04,35.7804,-7.524383333,112.704406667,2.015,2018-04-28T06:08:48.000Z
1490,-0.0,-0.03,1.0,35.874,-7.524298333,112.704431667,2.015,2018-04-28T06:08:49.000Z
1491,0.0,-0.04,0.98,35.874,-7.524298333,112.704431667,2.015,2018-04-28T06:08:49.000Z
1492,0.01,-0.03,0.98,36.486,-7.524211667,112.704456667,2.015,2018-04-28T06:08:50.000Z
1493,-0.01,-0.03,1.01,36.486,-7.524211667,112.704456667,2.015,2018-04-28T06:08:50.000Z
1494,-0.01,-0.02,1.03,35.3736,-7.524126667,112.704483333,2.015,2018-04-28T06:08:51.000Z
1495,-0.02,-0.04,0.95,35.3736,-7.524126667,112.704483333,2.015,2018-04-28T06:08:51.000Z
1496,-0.01,-0.03,1.03,36.4464,-7.524038333,112.70451,2.015,2018-04-28T06:08:52.000Z
1497,-0.01,-0.03,1.06,36.4464,-7.524038333,112.70451,2.015,2018-04-28T06:08:52.000Z
1498,-0.0,-0.04,0.97,35.91,-7.523951667,112.704535,2.015,2018-04-28T06:08:53.000Z
1499,-0.0,-0.04,0.96,35.91,-7.523951667,112.704535,2.015,2018-04-28T06:08:53.000Z
1500,-0.01,-0.03,0.98,36.0396,-7.523865,112.704561667,2.015,2018-04-28T06:08:54.000Z
1501,-0.01,-0.03,1.03,36.0396,-7.523865,112.704561667,2.015,2018-04-28T06:08:54.000Z
1502,-0.02,-0.04,0.96,36.0396,-7.523865,112.704561667,2.015,2018-04-28T06:08:54.000Z
1503,-0.01,-0.03,1.05,36.7452,-7.523776667,112.70459,2.015,2018-04-28T06:08:55.000Z
1504,-0.02,-0.03,0.98,36.4284,-7.523693333,112.704618333,2.015,2018-04-28T06:08:56.000Z
1505,-0.0,-0.03,1.04,36.4284,-7.523693333,112.704618333,2.015,2018-04-28T06:08:56.000Z
1506,-0.01,-0.04,1.01,36.4464,-7.523606667,112.704643333,2.015,2018-04-28T06:08:57.000Z
1507,-0.01,-0.03,1.04,36.4464,-7.523606667,112.704643333,2.015,2018-04-28T06:08:57.000Z
1508,0.01,-0.02,1.06,36.3348,-7.523518333,112.704668333,2.015,2018-04-28T06:08:58.000Z
1509,-0.01,-0.02,0.93,36.3348,-7.523518333,112.704668333,2.015,2018-04-28T06:08:58.000Z
1510,-0.0,-0.03,1.0,36.3348,-7.523433333,112.704693333,2.015,2018-04-28T06:08:59.000Z
1511,-0.0,-0.03,1.08,36.3348,-7.523433333,112.704693333,2.015,2018-04-28T06:08:59.000Z
1512,-0.01,-0.04,1.01,36.2988,-7.523345,112.704718333,2.015,2018-04-28T06:09:00.000Z
1513,0.01,-0.02,0.92,36.2988,-7.523345,112.704718333,2.015,2018-04-28T06:09:00.000Z
1514,0.01,-0.04,0.98,36.2988,-7.52326,112.704741667,2.015,2018-04-28T06:09:01.000Z
1515,0.0,-0.05,1.02,36.2988,-7.52326,112.704741667,2.015,2018-04-28T06:09:01.000Z
1516,0.01,-0.02,1.0,36.2628,-7.523173333,112.704766667,2.015,2018-04-28T06:09:02.000Z
1517,-0.02,-0.04,1.0,36.2628,-7.523173333,112.704766667,2.015,2018-04-28T06:09:02.000Z
1518,-0.01,-0.03,1.04,36.2628,-7.523083333,112.704793333,2.015,2018-04-28T06:09:03.000Z
1519,0.0,-0.04,1.02,36.2628,-7.523083333,112.704793333,2.015,2018-04-28T06:09:03.000Z
1520,0.01,-0.02,0.97,36.2052,-7.522996667,112.704818333,2.015,2018-04-28T06:09:04.000Z
1521,0.0,-0.03,0.98,36.2052,-7.522996667,112.704818333,2.015,2018-04-28T06:09:04.000Z
1522,0.01,-0.04,1.05,36.1692,-7.52291,112.704845,2.015,2018-04-28T06:09:05.000Z
1523,-0.02,-0.02,1.04,36.1692,-7.52291,112.704845,2.015,2018-04-28T06:09:05.000Z
1524,-0.01,-0.03,0.97,36.1332,-7.522823333,112.704871667,2.015,2018-04-28T06:09:06.000Z
1525,-0.01,-0.04,1.01,36.1332,-7.522823333,112.704871667,2.015,2018-04-28T06:09:06.000Z
1526,-0.01,-0.03,1.04,35.7984,-7.522736667,112.704896667,2.015,2018-04-28T06:09:07.000Z
1527,-0.0,-0.02,1.03,35.7984,-7.522736667,112.704896667,2.015,2018-04-28T06:09:07.000Z
1528,-0.01,-0.03,0.99,35.3556,-7.522653333,112.70492,2.015,2018-04-28T06:09:08.000Z
1529,-0.0,-0.03,1.01,35.3556,-7.522653333,112.70492,2.015,2018-04-28T06:09:08.000Z
1530,-0.01,-0.04,1.04,34.7796,-7.52257,112.704943333,2.015,2018-04-28T06:09:09.000Z
1531,-0.03,-0.04,1.04,34.7796,-7.52257,112.704943333,2.015,2018-04-28T06:09:09.000Z
1532,-0.03,-0.02,0.95,35.6868,-7.522485,112.704966667,2.015,2018-04-28T06:09:10.000Z
1533,-0.0,-0.05,0.92,36.4464,-7.522398333,112.704991667,2.015,2018-04-28T06:09:11.000Z
1534,-0.02,-0.03,1.09,36.4464,-7.522398333,112.704991667,2.015,2018-04-28T06:09:11.000Z
1535,-0.01,-0.04,1.04,36.3924,-7.522311667,112.70502,2.015,2018-04-28T06:09:12.000Z
1536,0.01,-0.03,0.95,36.3924,-7.522311667,112.70502,2.015,2018-04-28T06:09:12.000Z
1537,0.01,-0.03,1.01,36.3924,-7.522311667,112.70502,2.015,2018-04-28T06:09:12.000Z
1538,-0.01,-0.04,1.03,36.7452,-7.522225,112.705046667,2.015,2018-04-28T06:09:13.000Z
1539,-0.01,-0.03,1.01,36.8748,-7.522136667,112.705075,2.015,2018-04-28T06:09:14.000Z
1540,-0.01,-0.04,1.0,36.8748,-7.522136667,112.705075,2.015,2018-04-28T06:09:14.000Z
1541,-0.01,-0.02,1.0,36.8748,-7.522136667,112.705075,2.015,2018-04-28T06:09:14.000Z
1542,-0.01,-0.02,1.01,36.558,-7.52205,112.705101667,2.015,2018-04-28T06:09:15.000Z
1543,-0.02,-0.03,1.01,36.0756,-7.521961667,112.705126667,2.015,2018-04-28T06:09:16.000Z
1544,0.0,-0.02,0.99,36.0756,-7.521961667,112.705126667,2.015,2018-04-28T06:09:16.000Z
1545,-0.01,-0.02,1.04,36.1692,-7.521873333,112.705153333,2.015,2018-04-28T06:09:17.000Z
1546,-0.03,-0.04,1.0,36.1692,-7.521873333,112.705153333,2.015,2018-04-28T06:09:17.000Z
1547,-0.0,-0.02,1.01,36.1872,-7.521783333,112.705178333,2.015,2018-04-28T06:09:18.000Z
1548,-0.01,-0.04,0.98,36.1872,-7.521783333,112.705178333,2.015,2018-04-28T06:09:18.000Z
1549,-0.0,-0.03,1.04,35.856,-7.521696667,112.705201667,2.015,2018-04-28T06:09:19.000Z
1550,0.0,-0.03,1.01,35.856,-7.521696667,112.705201667,2.015,2018-04-28T06:09:19.000Z
1551,-0.01,-0.02,0.96,35.856,-7.521696667,112.705201667,2.015,2018-04-28T06:09:19.000Z
1552,-0.01,-0.04,1.02,35.856,-7.52161,112.705225,2.015,2018-04-28T06:09:20.000Z
1553,-0.02,-0.03,1.04,36.1692,-7.521521667,112.70525,2.015,2018-04-28T06:09:21.000Z
1554,-0.02,-0.03,1.0,36.1692,-7.521521667,112.70525,2.015,2018-04-28T06:09:21.000Z
1555,-0.01,-0.02,1.01,36.2268,-7.521435,112.705276667,2.015,2018-04-28T06:09:22.000Z
1556,0.01,-0.04,1.0,36.2268,-7.521435,112.705276667,2.015,2018-04-28T06:09:22.000Z
1557,0.01,-0.04,0.95,35.7984,-7.52135,112.705298333,2.015,2018-04-28T06:09:23.000Z
1558,-0.01,-0.02,1.01,35.7984,-7.52135,112.705298333,2.015,2018-04-28T06:09:23.000Z
1559,0.01,-0.04,1.0,35.3556,-7.521266667,112.705321667,2.015,2018-04-28T06:09:24.000Z
1560,0.01,-0.02,1.0,35.3556,-7.521266667,112.705321667,2.015,2018-04-28T06:09:24.000Z
1561,0.01,-0.03,1.03,35.3556,-7.521266667,112.705321667,2.015,2018-04-28T06:09:24.000Z
1562,-0.0,-0.04,0.99,36.1152,-7.52118,112.705348333,2.015,2018-04-28T06:09:25.000Z
1563,0.02,-0.03,1.01,36.1332,-7.521093333,112.705375,2.015,2018-04-28T06:09:26.000Z
1564,0.0,-0.02,1.01,36.1332,-7.521093333,112.705375,2.015,2018-04-28T06:09:26.000Z
1565,-0.0,-0.04,1.04,36.0396,-7.521005,112.705403333,2.015,2018-04-28T06:09:27.000Z
1566,0.01,-0.04,0.95,36.0396,-7.521005,112.705403333,2.015,2018-04-28T06:09:27.000Z
1567,-0.0,-0.04,1.0,36.6336,-7.52092,112.705431667,2.015,2018-04-28T06:09:28.000Z
1568,0.01,-0.02,1.0,36.6336,-7.52092,112.705431667,2.015,2018-04-28T06:09:28.000Z
1569,0.01,-0.03,1.1,35.8344,-7.520835,112.705456667,2.015,2018-04-28T06:09:29.000Z
1570,-0.0,-0.01,1.0,35.8344,-7.520835,112.705456667,2.015,2018-04-28T06:09:29.000Z
1571,0.01,-0.03,0.99,35.7264,-7.52075,112.705481667,2.015,2018-04-28T06:09:30.000Z
1572,0.01,-0.03,0.97,35.7264,-7.52075,112.705481667,2.015,2018-04-28T06:09:30.000Z
1573,-0.01,-0.04,1.04,35.7444,-7.520663333,112.705505,2.015,2018-04-28T06:09:31.000Z
1574,-0.01,-0.04,1.0,35.7444,-7.520663333,112.705505,2.015,2018-04-28T06:09:31.000Z
1575,0.0,-0.01,0.99,35.7804,-7.520576667,112.70553,2.015,2018-04-28T06:09:32.000Z
1576,0.01,-0.03,0.98,35.7804,-7.520576667,112.70553,2.015,2018-04-28T06:09:32.000Z
1577,-0.01,-0.04,1.04,35.7804,-7.520491667,112.705553333,2.015,2018-04-28T06:09:33.000Z
1578,-0.02,-0.03,1.02,35.7804,-7.520491667,112.705553333,2.015,2018-04-28T06:09:33.000Z
1579,-0.0,-0.03,0.97,35.7804,-7.520405,112.70558,2.015,2018-04-28T06:09:34.000Z
1580,0.01,-0.03,0.98,35.7804,-7.520405,112.70558,2.015,2018-04-28T06:09:34.000Z
1581,-0.01,-0.04,1.02,35.7804,-7.520313333,112.705606667,2.015,2018-04-28T06:09:35.000Z
1582,-0.01,-0.04,1.04,35.7804,-7.520313333,112.705606667,2.015,2018-04-28T06:09:35.000Z
1583,0.01,-0.02,0.98,36.2808,-7.520223333,112.705631667,2.015,2018-04-28T06:09:36.000Z
1584,0.01,-0.03,0.97,36.2808,-7.520223333,112.705631667,2.015,2018-04-28T06:09:36.000Z
1585,-0.01,-0.03,1.06,36.3348,-7.52013,112.705656667,2.015,2018-04-28T06:09:37.000Z
1586,-0.0,-0.03,1.0,36.7452,-7.520041667,112.705683333,2.015,2018-04-28T06:09:38.000Z
1587,-0.01,-0.03,1.03,36.7452,-7.520041667,112.705683333,2.015,2018-04-28T06:09:38.000Z
1588,-0.01,-0.02,1.03,36.6696,-7.519953333,112.705708333,2.015,2018-04-28T06:09:39.000Z
1589,-0.0,-0.03,1.02,36.6696,-7.519953333,112.705708333,2.015,2018-04-28T06:09:39.000Z
1590,-0.0,-0.04,0.96,36.6696,-7.519953333,112.705708333,2.015,2018-04-28T06:09:39.000Z
1591,-0.02,-0.03,1.03,36.0972,-7.519866667,112.705733333,2.015,2018-04-28T06:09:40.000Z
1592,0.01,-0.02,0.99,36.4104,-7.519778333,112.705758333,2.015,2018-04-28T06:09:41.000Z
1593,-0.0,-0.04,1.0,36.4104,-7.519778333,112.705758333,2.015,2018-04-28T06:09:41.000Z
1594,0.0,-0.02,1.01,36.3348,-7.519688333,112.705781667,2.015,2018-04-28T06:09:42.000Z
1595,-0.03,-0.02,1.03,36.3348,-7.519688333,112.705781667,2.015,2018-04-28T06:09:42.000Z
1596,-0.01,-0.02,1.0,35.4096,-7.519601667,112.705801667,2.015,2018-04-28T06:09:43.000Z
1597,-0.0,-0.03,0.98,35.4096,-7.519601667,112.705801667,2.015,2018-04-28T06:09:43.000Z
1598,-0.01,-0.02,1.04,36.2808,-7.519515,112.705826667,2.015,2018-04-28T06:09:44.000Z
1599,-0.01,-0.03,1.0,36.2808,-7.519515,112.705826667,2.015,2018-04-28T06:09:44.000Z
1600,-0.01,-0.03,1.02,36.2808,-7.519515,112.705826667,2.015,2018-04-28T06:09:44.000Z
1601,-0.01,-0.03,0.95,37.1124,-7.519425,112.705853333,2.015,2018-04-28T06:09:45.000Z
1602,-0.02,-0.03,1.04,37.1124,-7.519335,112.70588,2.015,2018-04-28T06:09:46.000Z
1603,0.01,-0.04,1.02,37.1124,-7.519335,112.70588,2.015,2018-04-28T06:09:46.000Z
1604,-0.02,-0.02,1.03,37.0044,-7.519246667,112.705905,2.015,2018-04-28T06:09:47.000Z
1605,-0.01,-0.03,0.96,37.0044,-7.519246667,112.705905,2.015,2018-04-28T06:09:47.000Z
1606,-0.02,-0.02,0.95,36.6876,-7.519156667,112.705928333,2.015,2018-04-28T06:09:48.000Z
1607,-0.01,-0.03,1.03,36.6876,-7.519156667,112.705928333,2.015,2018-04-28T06:09:48.000Z
1608,0.0,-0.02,1.0,36.6876,-7.519156667,112.705928333,2.015,2018-04-28T06:09:48.000Z
1609,-0.01,-0.01,1.0,36.7992,-7.519065,112.705951667,2.015,2018-04-28T06:09:49.000Z
1610,0.01,-0.02,1.0,36.7992,-7.519065,112.705951667,2.015,2018-04-28T06:09:49.000Z
1611,-0.01,-0.02,1.01,36.8532,-7.518975,112.705976667,2.015,2018-04-28T06:09:50.000Z
1612,0.0,-0.02,1.0,36.9468,-7.518883333,112.706001667,2.015,2018-04-28T06:09:51.000Z
1613,-0.01,-0.02,0.97,36.9468,-7.518883333,112.706001667,2.015,2018-04-28T06:09:51.000Z
1614,-0.01,-0.02,1.01,36.9288,-7.518793333,112.706026667,2.015,2018-04-28T06:09:52.000Z
1615,-0.0,-0.02,1.03,36.9288,-7.518793333,112.706026667,2.015,2018-04-28T06:09:52.000Z
1616,0.01,-0.03,0.97,37.224,-7.5187,112.706051667,2.015,2018-04-28T06:09:53.000Z
1617,-0.0,-0.02,1.0,37.224,-7.5187,112.706051667,2.015,2018-04-28T06:09:53.000Z
1618,0.0,-0.02,1.01,38.0772,-7.518606667,112.706076667,2.015,2018-04-28T06:09:54.000Z
1619,-0.0,-0.02,0.99,38.0772,-7.518606667,112.706076667,2.015,2018-04-28T06:09:54.000Z
1620,0.01,-0.02,0.99,38.0772,-7.518606667,112.706076667,2.015,2018-04-28T06:09:54.000Z
1621,0.0,-0.02,1.04,38.1312,-7.518515,112.706103333,2.015,2018-04-28T06:09:55.000Z
1622,-0.0,-0.02,1.01,38.52,-7.518423333,112.706128333,2.015,2018-04-28T06:09:56.000Z
1623,-0.01,-0.03,0.97,38.52,-7.518423333,112.706128333,2.015,2018-04-28T06:09:56.000Z
1624,0.03,-0.03,0.96,39.4092,-7.518325,112.706156667,2.015,2018-04-28T06:09:57.000Z
1625,-0.0,-0.03,1.09,39.4092,-7.518325,112.706156667,2.015,2018-04-28T06:09:57.000Z
1626,-0.0,-0.02,1.01,39.9852,-7.51823,112.706185,2.015,2018-04-28T06:09:58.000Z
1627,-0.0,-0.02,1.01,39.9852,-7.51823,112.706185,2.015,2018-04-28T06:09:58.000Z
1628,-0.01,-0.01,1.0,40.0968,-7.518133333,112.706213333,2.015,2018-04-28T06:09:59.000Z
1629,0.0,-0.02,1.03,40.0968,-7.518133333,112.706213333,2.015,2018-04-28T06:09:59.000Z
1630,-0.01,-0.04,0.96,40.5756,-7.518036667,112.706241667,2.015,2018-04-28T06:10:00.000Z
1631,0.0,-0.02,1.0,40.5756,-7.518036667,112.706241667,2.015,2018-04-28T06:10:00.000Z
1632,0.0,-0.02,1.02,40.5396,-7.517938333,112.70627,2.015,2018-04-28T06:10:01.000Z
1633,0.01,-0.03,1.0,40.5396,-7.517938333,112.70627,2.015,2018-04-28T06:10:01.000Z
1634,-0.01,-0.03,1.01,40.6512,-7.51784,112.706298333,2.015,2018-04-28T06:10:02.000Z
1635,0.0,-0.02,1.01,41.3172,-7.51774,112.706328333,2.015,2018-04-28T06:10:03.000Z
1636,-0.03,-0.03,1.0,41.3172,-7.51774,112.706328333,2.015,2018-04-28T06:10:03.000Z
1637,0.01,-0.01,0.99,41.67,-7.517638333,112.706358333,2.015,2018-04-28T06:10:04.000Z
1638,-0.0,-0.01,1.02,41.67,-7.517638333,112.706358333,2.015,2018-04-28T06:10:04.000Z
1639,-0.01,-0.02,1.05,41.67,-7.517638333,112.706358333,2.015,2018-04-28T06:10:04.000Z
1640,-0.04,-0.03,1.08,41.5764,-7.517536667,112.706388333,2.015,2018-04-28T06:10:05.000Z
1641,0.02,-0.0,0.96,41.5764,-7.517536667,112.706388333,2.015,2018-04-28T06:10:05.000Z
1642,0.01,-0.03,0.93,41.67,-7.517436667,112.706418333,2.015,2018-04-28T06:10:06.000Z
1643,0.02,-0.02,0.92,42.7248,-7.517335,112.70645,2.015,2018-04-28T06:10:07.000Z
1644,0.0,-0.02,1.08,42.7248,-7.517335,112.70645,2.015,2018-04-28T06:10:07.000Z
1645,0.02,-0.02,1.04,42.7248,-7.517335,112.70645,2.015,2018-04-28T06:10:07.000Z
1646,0.0,-0.01,0.99,43.0416,-7.517231667,112.70648,2.015,2018-04-28T06:10:08.000Z
1647,0.0,-0.01,0.99,43.0596,-7.51713,112.70651,2.015,2018-04-28T06:10:09.000Z
1648,-0.0,-0.02,1.06,43.0596,-7.51713,112.70651,2.015,2018-04-28T06:10:09.000Z
1649,0.01,-0.02,1.02,43.0596,-7.51713,112.70651,2.015,2018-04-28T06:10:09.000Z
1650,0.01,-0.03,1.01,43.7616,-7.517025,112.70654,2.015,2018-04-28T06:10:10.000Z
1651,0.01,-0.01,1.0,43.4664,-7.51692,112.706566667,2.015,2018-04-28T06:10:11.000Z
1652,0.01,-0.02,0.99,43.4664,-7.51692,112.706566667,2.015,2018-04-28T06:10:11.000Z
1653,0.03,-0.01,1.03,44.3916,-7.51681,112.706596667,2.015,2018-04-28T06:10:12.000Z
1654,0.02,-0.01,1.02,44.3916,-7.51681,112.706596667,2.015,2018-04-28T06:10:12.000Z
1655,0.01,-0.02,0.99,44.7804,-7.516701667,112.706626667,2.015,2018-04-28T06:10:13.000Z
1656,0.01,-0.02,0.99,44.7804,-7.516701667,112.706626667,2.015,2018-04-28T06:10:13.000Z
1657,0.01,-0.02,0.96,44.7624,-7.516591667,112.706656667,2.015,2018-04-28T06:10:14.000Z
1658,0.02,-0.01,1.0,44.7624,-7.516591667,112.706656667,2.015,2018-04-28T06:10:14.000Z
1659,0.01,-0.03,1.03,44.7624,-7.516591667,112.706656667,2.015,2018-04-28T06:10:14.000Z
1660,0.01,-0.03,0.99,45.3384,-7.51648,112.706685,2.015,2018-04-28T06:10:15.000Z
1661,0.01,-0.01,1.04,46.134,-7.516363333,112.706715,2.015,2018-04-28T06:10:16.000Z
1662,0.01,-0.02,1.0,46.134,-7.516363333,112.706715,2.015,2018-04-28T06:10:16.000Z
1663,0.01,-0.0,1.03,46.9656,-7.51625,112.706745,2.015,2018-04-28T06:10:17.000Z
1664,0.01,-0.01,1.03,46.9656,-7.51625,112.706745,2.015,2018-04-28T06:10:17.000Z
1665,0.01,-0.01,0.99,47.2644,-7.516133333,112.706773333,2.015,2018-04-28T06:10:18.000Z
1666,0.02,-0.01,1.0,47.2644,-7.516133333,112.706773333,2.015,2018-04-28T06:10:18.000Z
1667,0.02,-0.02,0.97,47.5956,-7.516015,112.706801667,2.015,2018-04-28T06:10:19.000Z
1668,0.01,-0.0,1.01,47.5956,-7.516015,112.706801667,2.015,2018-04-28T06:10:19.000Z
1669,0.01,-0.02,1.05,47.5956,-7.516015,112.706801667,2.015,2018-04-28T06:10:19.000Z
1670,0.04,-0.02,0.99,48.2076,-7.515895,112.70683,2.015,2018-04-28T06:10:20.000Z
1671,0.01,-0.03,0.97,48.3552,-7.515773333,112.706858333,2.015,2018-04-28T06:10:21.000Z
1672,-0.01,-0.02,1.04,48.3552,-7.515773333,112.706858333,2.015,2018-04-28T06:10:21.000Z
1673,-0.0,-0.01,0.98,50.9112,-7.515648333,112.706893333,2.015,2018-04-28T06:10:22.000Z
1674,0.02,-0.03,0.98,50.9112,-7.515648333,112.706893333,2.015,2018-04-28T06:10:22.000Z
1675,0.01,-0.01,1.03,51.246,-7.515521667,112.706925,2.015,2018-04-28T06:10:23.000Z
1676,0.02,-0.02,1.03,51.246,-7.515521667,112.706925,2.015,2018-04-28T06:10:23.000Z
1677,0.01,-0.03,0.97,52.1532,-7.515393333,112.706956667,2.015,2018-04-28T06:10:24.000Z
1678,0.02,-0.01,1.0,52.1532,-7.515393333,112.706956667,2.015,2018-04-28T06:10:24.000Z
1679,0.01,-0.02,1.02,52.2648,-7.515263333,112.706983333,2.015,2018-04-28T06:10:25.000Z
1680,0.01,-0.01,1.01,52.2648,-7.515263333,112.706983333,2.015,2018-04-28T06:10:25.000Z
1681,0.01,-0.01,1.02,52.3008,-7.515133333,112.707011667,2.015,2018-04-28T06:10:26.000Z
1682,-0.0,-0.01,1.0,52.3008,-7.515133333,112.707011667,2.015,2018-04-28T06:10:26.000Z
1683,0.01,-0.01,1.0,52.7652,-7.515003333,112.70704,2.015,2018-04-28T06:10:27.000Z
1684,0.01,-0.01,0.98,52.7652,-7.515003333,112.70704,2.015,2018-04-28T06:10:27.000Z
1685,0.02,-0.02,1.07,52.8948,-7.514871667,112.707068333,2.015,2018-04-28T06:10:28.000Z
1686,-0.01,-0.03,0.97,53.0784,-7.51474,112.707096667,2.015,2018-04-28T06:10:29.000Z
1687,0.04,-0.01,1.03,53.0784,-7.51474,112.707096667,2.015,2018-04-28T06:10:29.000Z
1688,0.01,-0.02,0.99,53.0784,-7.51474,112.707096667,2.015,2018-04-28T06:10:29.000Z
1689,0.03,-0.01,1.09,53.226,-7.514606667,112.707123333,2.015,2018-04-28T06:10:30.000Z
1690,0.01,-0.0,1.01,53.226,-7.514606667,112.707123333,2.015,2018-04-28T06:10:30.000Z
1691,0.04,-0.02,0.96,53.4312,-7.514475,112.70715,2.015,2018-04-28T06:10:31.000Z
1692,0.0,-0.01,1.03,53.6724,-7.514338333,112.707173333,2.015,2018-04-28T06:10:32.000Z
1693,-0.0,-0.01,1.04,53.6724,-7.514338333,112.707173333,2.015,2018-04-28T06:10:32.000Z
1694,0.01,-0.02,1.0,53.874,-7.5142,112.707198333,2.015,2018-04-28T06:10:33.000Z
1695,0.01,-0.04,0.97,53.874,-7.5142,112.707198333,2.015,2018-04-28T06:10:33.000Z
1696,0.03,-0.01,1.05,56.9484,-7.51406,112.707225,2.015,2018-04-28T06:10:34.000Z
1697,0.02,-0.01,1.01,56.9484,-7.51406,112.707225,2.015,2018-04-28T06:10:34.000Z
1698,0.01,-0.03,0.98,56.9484,-7.51406,112.707225,2.015,2018-04-28T06:10:34.000Z
1699,0.0,-0.02,1.02,55.782,-7.51392,112.70725,2.015,2018-04-28T06:10:35.000Z
1700,0.0,-0.02,0.97,58.2624,-7.513778333,112.70728,2.015,2018-04-28T06:10:36.000Z
1701,0.02,-0.03,1.01,58.2624,-7.513778333,112.70728,2.015,2018-04-28T06:10:36.000Z
1702,0.02,-0.02,1.01,57.8556,-7.513635,112.707305,2.015,2018-04-28T06:10:37.000Z
1703,0.03,-0.0,1.0,57.8556,-7.513635,112.707305,2.015,2018-04-28T06:10:37.000Z
1704,0.01,-0.02,1.0,58.4496,-7.513488333,112.707331667,2.015,2018-04-28T06:10:38.000Z
1705,0.01,-0.01,1.02,58.4496,-7.513488333,112.707331667,2.015,2018-04-28T06:10:38.000Z
1706,-0.0,-0.01,0.99,58.8204,-7.513343333,112.707355,2.015,2018-04-28T06:10:39.000Z
1707,0.0,-0.02,1.0,58.8204,-7.513343333,112.707355,2.015,2018-04-28T06:10:39.000Z
1708,0.01,-0.02,1.03,58.8204,-7.513343333,112.707355,2.015,2018-04-28T06:10:39.000Z
1709,0.02,-0.04,1.0,59.7276,-7.513195,112.70738,2.015,2018-04-28T06:10:40.000Z
1710,0.01,0.01,1.0,59.7816,-7.513045,112.707405,2.015,2018-04-28T06:10:41.000Z
1711,-0.01,-0.02,1.02,59.7816,-7.513045,112.707405,2.015,2018-04-28T06:10:41.000Z
1712,-0.02,-0.02,0.99,61.3368,-7.512891667,112.70743,2.015,2018-04-28T06:10:42.000Z
1713,-0.01,-0.0,0.98,61.3368,-7.512891667,112.70743,2.015,2018-04-28T06:10:42.000Z
1714,0.02,-0.03,1.0,61.3188,-7.512736667,112.707453333,2.015,2018-04-28T06:10:43.000Z
1715,-0.0,-0.04,1.01,61.3188,-7.512736667,112.707453333,2.015,2018-04-28T06:10:43.000Z
1716,0.01,-0.03,0.98,61.3584,-7.512585,112.70748,2.015,2018-04-28T06:10:44.000Z
1717,-0.02,-0.05,1.02,61.3584,-7.512585,112.70748,2.015,2018-04-28T06:10:44.000Z
1718,0.0,-0.02,1.02,61.488,-7.512431667,112.707508333,2.015,2018-04-28T06:10:45.000Z
1719,-0.01,-0.04,1.02,61.488,-7.512431667,112.707508333,2.015,2018-04-28T06:10:45.000Z
1720,-0.0,-0.02,1.02,62.9676,-7.512276667,112.707533333,2.015,2018-04-28T06:10:46.000Z
1721,-0.0,-0.03,0.99,62.9676,-7.512276667,112.707533333,2.015,2018-04-28T06:10:46.000Z
1722,-0.02,0.0,1.02,63.432,-7.512118333,112.707561667,2.015,2018-04-28T06:10:47.000Z
1723,0.08,-0.01,1.05,63.432,-7.512118333,112.707561667,2.015,2018-04-28T06:10:47.000Z
1724,0.02,-0.01,1.04,63.1152,-7.51196,112.707588333,2.015,2018-04-28T06:10:48.000Z
1725,-0.02,-0.04,0.99,63.1152,-7.51196,112.707588333,2.015,2018-04-28T06:10:48.000Z
1726,-0.01,-0.03,1.04,63.0972,-7.5118,112.707611667,2.015,2018-04-28T06:10:49.000Z
1727,-0.01,-0.03,1.01,63.0972,-7.5118,112.707611667,2.015,2018-04-28T06:10:49.000Z
1728,-0.0,-0.04,1.01,63.0972,-7.5118,112.707611667,2.015,2018-04-28T06:10:49.000Z
1729,0.04,-0.03,0.95,63.1728,-7.511643333,112.707633333,2.015,2018-04-28T06:10:50.000Z
1730,-0.03,-0.03,1.06,63.504,-7.511483333,112.707658333,2.015,2018-04-28T06:10:51.000Z
1731,0.01,-0.02,1.09,63.504,-7.511483333,112.707658333,2.015,2018-04-28T06:10:51.000Z
1732,0.03,-0.02,0.97,63.432,-7.51132,112.707681667,2.015,2018-04-28T06:10:52.000Z
1733,0.02,-0.01,0.89,63.432,-7.51132,112.707681667,2.015,2018-04-28T06:10:52.000Z
1734,-0.04,-0.0,1.02,65.0808,-7.511156667,112.70771,2.015,2018-04-28T06:10:53.000Z
1735,0.0,-0.02,1.11,65.0808,-7.511156667,112.70771,2.015,2018-04-28T06:10:53.000Z
1736,-0.02,-0.02,1.02,64.5048,-7.510995,112.70774,2.015,2018-04-28T06:10:54.000Z
1737,-0.0,-0.02,0.98,64.5048,-7.510995,112.70774,2.015,2018-04-28T06:10:54.000Z
1738,0.03,-0.01,1.05,64.8576,-7.510831667,112.707768333,2.015,2018-04-28T06:10:55.000Z
1739,0.01,-0.02,1.03,65.1888,-7.510666667,112.707796667,2.015,2018-04-28T06:10:56.000Z
1740,0.0,-0.01,0.97,65.1888,-7.510666667,112.707796667,2.015,2018-04-28T06:10:56.000Z
1741,0.05,-0.01,0.96,65.448,-7.510501667,112.707821667,2.015,2018-04-28T06:10:57.000Z
1742,0.04,0.0,1.0,65.448,-7.510501667,112.707821667,2.015,2018-04-28T06:10:57.000Z
1743,0.03,-0.02,1.08,65.6712,-7.510336667,112.707845,2.015,2018-04-28T06:10:58.000Z
1744,0.03,-0.0,0.97,65.6712,-7.510336667,112.707845,2.015,2018-04-28T06:10:58.000Z
1745,0.01,-0.02,0.94,65.7288,-7.510168333,112.707865,2.015,2018-04-28T06:10:59.000Z
1746,0.07,-0.01,0.87,65.7288,-7.510168333,112.707865,2.015,2018-04-28T06:10:59.000Z
1747,0.06,-0.01,1.01,65.7288,-7.510168333,112.707865,2.015,2018-04-28T06:10:59.000Z
1748,0.04,-0.01,1.03,68.2848,-7.51,112.707888333,2.015,2018-04-28T06:11:00.000Z
1749,-0.02,-0.04,0.88,68.7276,-7.509831667,112.707918333,2.015,2018-04-28T06:11:01.000Z
1750,-0.02,-0.04,0.95,68.7276,-7.509831667,112.707918333,2.015,2018-04-28T06:11:01.000Z
1751,0.0,-0.04,1.12,68.8752,-7.50966,112.707933333,2.015,2018-04-28T06:11:02.000Z
1752,0.01,-0.03,1.11,68.8752,-7.50966,112.707933333,2.015,2018-04-28T06:11:02.000Z
1753,0.03,-0.04,1.04,68.9868,-7.509486667,112.707953333,2.015,2018-04-28T06:11:03.000Z
1754,-0.01,-0.02,0.97,68.9868,-7.509486667,112.707953333,2.015,2018-04-28T06:11:03.000Z
1755,-0.02,-0.03,0.99,68.9328,-7.509313333,112.707966667,2.015,2018-04-28T06:11:04.000Z
1756,0.03,-0.04,1.06,68.9328,-7.509313333,112.707966667,2.015,2018-04-28T06:11:04.000Z
1757,-0.03,-0.02,1.08,68.9328,-7.509313333,112.707966667,2.015,2018-04-28T06:11:04.000Z
1758,-0.05,-0.01,0.94,69.0048,-7.509141667,112.707978333,2.015,2018-04-28T06:11:05.000Z
1759,0.04,-0.04,0.88,69.1164,-7.508968333,112.70799,2.015,2018-04-28T06:11:06.000Z
1760,0.01,-0.02,1.12,69.1164,-7.508968333,112.70799,2.015,2018-04-28T06:11:06.000Z
1761,-0.04,-0.0,1.08,69.1344,-7.508793333,112.708003333,2.015,2018-04-28T06:11:07.000Z
1762,-0.02,-0.02,0.97,69.1344,-7.508793333,112.708003333,2.015,2018-04-28T06:11:07.000Z
1763,0.03,-0.01,0.83,69.192,-7.508618333,112.708015,2.015,2018-04-28T06:11:08.000Z
1764,0.01,-0.02,1.03,69.192,-7.508618333,112.708015,2.015,2018-04-28T06:11:08.000Z
1765,0.0,-0.02,1.09,69.7284,-7.508443333,112.708026667,2.015,2018-04-28T06:11:09.000Z
1766,-0.05,-0.02,0.96,69.7284,-7.508443333,112.708026667,2.015,2018-04-28T06:11:09.000Z
1767,-0.02,-0.02,0.98,69.7284,-7.508443333,112.708026667,2.015,2018-04-28T06:11:09.000Z
1768,0.06,-0.02,1.05,69.7644,-7.508268333,112.708038333,2.015,2018-04-28T06:11:10.000Z
1769,0.0,-0.03,1.08,69.7644,-7.508093333,112.70805,2.015,2018-04-28T06:11:11.000Z
1770,0.02,-0.02,0.93,69.7644,-7.508093333,112.70805,2.015,2018-04-28T06:11:11.000Z
1771,0.03,-0.03,1.09,69.858,-7.50792,112.708063333,2.015,2018-04-28T06:11:12.000Z
1772,-0.01,-0.04,1.01,69.858,-7.50792,112.708063333,2.015,2018-04-28T06:11:12.000Z
1773,0.03,-0.03,0.96,70.542,-7.507745,112.708075,2.015,2018-04-28T06:11:13.000Z
1774,0.04,-0.03,1.04,70.542,-7.507745,112.708075,2.015,2018-04-28T06:11:13.000Z
1775,-0.01,-0.03,1.08,70.542,-7.50757,112.708085,2.015,2018-04-28T06:11:14.000Z
1776,-0.0,-0.04,1.05,70.542,-7.50757,112.708085,2.015,2018-04-28T06:11:14.000Z
1777,-0.03,-0.03,1.0,70.4304,-7.507393333,112.708088333,2.015,2018-04-28T06:11:15.000Z
1778,-0.01,-0.04,0.96,70.4304,-7.507393333,112.708088333,2.015,2018-04-28T06:11:15.000Z
1779,0.01,-0.05,1.04,70.3944,-7.507216667,112.708093333,2.015,2018-04-28T06:11:16.000Z
1780,0.01,-0.03,1.11,70.3944,-7.507216667,112.708093333,2.015,2018-04-28T06:11:16.000Z
1781,-0.01,-0.02,1.0,70.4304,-7.507038333,112.708095,2.015,2018-04-28T06:11:17.000Z
1782,0.0,-0.04,1.01,70.4304,-7.507038333,112.708095,2.015,2018-04-28T06:11:17.000Z
1783,0.01,-0.03,1.01,70.56,-7.50686,112.708098333,2.015,2018-04-28T06:11:18.000Z
1784,-0.02,-0.02,0.96,70.56,-7.50686,112.708098333,2.015,2018-04-28T06:11:18.000Z
1785,-0.01,-0.03,0.95,71.136,-7.50668,112.7081,2.015,2018-04-28T06:11:19.000Z
1786,0.01,-0.04,1.03,71.136,-7.50668,112.7081,2.015,2018-04-28T06:11:19.000Z
1787,-0.03,-0.04,1.04,70.6536,-7.506503333,112.708096667,2.015,2018-04-28T06:11:20.000Z
1788,-0.02,-0.03,1.01,70.6536,-7.506503333,112.708096667,2.015,2018-04-28T06:11:20.000Z
1789,0.01,-0.03,1.06,70.7472,-7.506323333,112.708096667,2.015,2018-04-28T06:11:21.000Z
1790,0.0,-0.04,1.0,70.8372,-7.506146667,112.708098333,2.015,2018-04-28T06:11:22.000Z
1791,0.01,-0.01,0.96,70.8372,-7.506146667,112.708098333,2.015,2018-04-28T06:11:22.000Z
1792,0.03,-0.04,0.94,70.8372,-7.506146667,112.708098333,2.015,2018-04-28T06:11:22.000Z
1793,0.01,-0.02,1.08,70.9704,-7.505968333,112.7081,2.015,2018-04-28T06:11:23.000Z
1794,-0.01,-0.02,0.92,70.9704,-7.505968333,112.7081,2.015,2018-04-28T06:11:23.000Z
1795,0.02,-0.02,1.01,71.6544,-7.505788333,112.708101667,2.015,2018-04-28T06:11:24.000Z
1796,0.01,-0.05,0.97,71.6544,-7.505788333,112.708101667,2.015,2018-04-28T06:11:24.000Z
1797,-0.01,-0.02,1.03,70.7292,-7.50561,112.708103333,2.015,2018-04-28T06:11:25.000Z
1798,-0.02,-0.03,0.99,71.172,-7.505433333,112.708105,2.015,2018-04-28T06:11:26.000Z
1799,-0.04,-0.02,1.01,71.172,-7.505433333,112.708105,2.015,2018-04-28T06:11:26.000Z
1800,0.01,-0.0,1.06,70.9128,-7.505253333,112.708108333,2.015,2018-04-28T06:11:27.000Z
1801,-0.01,-0.02,0.98,70.9128,-7.505253333,112.708108333,2.015,2018-04-28T06:11:27.000Z
1802,0.0,-0.04,1.11,71.0244,-7.505073333,112.708111667,2.015,2018-04-28T06:11:28.000Z
1803,0.04,-0.02,1.01,71.0244,-7.505073333,112.708111667,2.015,2018-04-28T06:11:28.000Z
1804,-0.01,-0.02,0.92,70.9704,-7.504896667,112.708115,2.015,2018-04-28T06:11:29.000Z
1805,-0.04,-0.03,0.88,70.9704,-7.504896667,112.708115,2.015,2018-04-28T06:11:29.000Z
1806,0.03,-0.04,1.18,70.9704,-7.504896667,112.708115,2.015,2018-04-28T06:11:29.000Z
1807,-0.01,-0.02,1.03,70.8948,-7.504718333,112.708113333,2.015,2018-04-28T06:11:30.000Z
1808,-0.03,-0.03,0.87,70.9128,-7.50454,112.708111667,2.015,2018-04-28T06:11:31.000Z
1809,0.04,-0.02,0.99,70.9128,-7.50454,112.708111667,2.015,2018-04-28T06:11:31.000Z
1810,0.03,-0.03,1.12,70.8372,-7.504365,112.708111667,2.015,2018-04-28T06:11:32.000Z
1811,-0.01,-0.01,0.91,70.8372,-7.504365,112.708111667,2.015,2018-04-28T06:11:32.000Z
1812,-0.04,-0.02,1.03,70.8948,-7.504183333,112.708115,2.015,2018-04-28T06:11:33.000Z
1813,-0.01,-0.03,0.97,70.8948,-7.504183333,112.708115,2.015,2018-04-28T06:11:33.000Z
1814,-0.01,-0.04,0.88,71.136,-7.504008333,112.708115,2.015,2018-04-28T06:11:34.000Z
1815,0.03,-0.03,1.03,71.136,-7.504008333,112.708115,2.015,2018-04-28T06:11:34.000Z
1816,-0.01,-0.04,1.02,71.136,-7.504008333,112.708115,2.015,2018-04-28T06:11:34.000Z
1817,0.01,-0.03,1.06,71.5968,-7.503831667,112.708115,2.015,2018-04-28T06:11:35.000Z
1818,0.02,-0.02,1.0,71.2476,-7.503653333,112.708113333,2.015,2018-04-28T06:11:36.000Z
1819,-0.08,-0.01,1.04,71.2476,-7.503653333,112.708113333,2.015,2018-04-28T06:11:36.000Z
1820,-0.0,-0.02,0.96,72.414,-7.503473333,112.708116667,2.015,2018-04-28T06:11:37.000Z
1821,0.03,-0.02,0.99,72.414,-7.503473333,112.708116667,2.015,2018-04-28T06:11:37.000Z
1822,0.0,-0.02,0.85,72.45,-7.503291667,112.708118333,2.015,2018-04-28T06:11:38.000Z
1823,0.02,-0.01,0.99,72.45,-7.503291667,112.708118333,2.015,2018-04-28T06:11:38.000Z
1824,0.01,0.0,1.07,71.2476,-7.503113333,112.708118333,2.015,2018-04-28T06:11:39.000Z
1825,-0.02,-0.02,1.0,71.2476,-7.503113333,112.708118333,2.015,2018-04-28T06:11:39.000Z
1826,-0.01,-0.01,0.97,70.9488,-7.502938333,112.708115,2.015,2018-04-28T06:11:40.000Z
1827,0.01,-0.04,1.01,70.9488,-7.502938333,112.708115,2.015,2018-04-28T06:11:40.000Z
1828,0.01,-0.01,0.95,70.8768,-7.502763333,112.708113333,2.015,2018-04-28T06:11:41.000Z
1829,-0.05,-0.03,1.04,70.8768,-7.502763333,112.708113333,2.015,2018-04-28T06:11:41.000Z
1830,0.01,-0.04,1.06,71.2656,-7.502585,112.70811,2.015,2018-04-28T06:11:42.000Z
1831,0.02,0.0,1.05,71.2656,-7.502585,112.70811,2.015,2018-04-28T06:11:42.000Z
1832,0.0,-0.02,0.9,72.0792,-7.502406667,112.708106667,2.015,2018-04-28T06:11:43.000Z
1833,-0.0,-0.02,1.0,72.0792,-7.502406667,112.708106667,2.015,2018-04-28T06:11:43.000Z
1834,-0.03,-0.03,1.0,71.9496,-7.50223,112.708106667,2.015,2018-04-28T06:11:44.000Z
1835,0.0,-0.02,0.95,71.9496,-7.50223,112.708106667,2.015,2018-04-28T06:11:44.000Z
1836,0.0,-0.04,1.04,71.9136,-7.50205,112.708106667,2.015,2018-04-28T06:11:45.000Z
1837,-0.01,-0.04,1.02,71.9136,-7.50205,112.708106667,2.015,2018-04-28T06:11:45.000Z
1838,-0.02,-0.02,0.91,72.1728,-7.501868333,112.708106667,2.015,2018-04-28T06:11:46.000Z
1839,-0.01,-0.02,0.98,72.1728,-7.501868333,112.708106667,2.015,2018-04-28T06:11:46.000Z
1840,-0.04,-0.03,1.02,72.2664,-7.501688333,112.708108333,2.015,2018-04-28T06:11:47.000Z
1841,-0.01,-0.02,1.01,72.2664,-7.501688333,112.708108333,2.015,2018-04-28T06:11:47.000Z
1842,-0.03,-0.04,1.08,72.3204,-7.50151,112.708111667,2.015,2018-04-28T06:11:48.000Z
1843,-0.08,-0.04,1.1,72.3204,-7.50151,112.708111667,2.015,2018-04-28T06:11:48.000Z
1844,-0.1,-0.03,1.03,72.3564,-7.501326667,112.708115,2.015,2018-04-28T06:11:49.000Z
1845,0.02,-0.01,1.0,72.3564,-7.501326667,112.708115,2.015,2018-04-28T06:11:49.000Z
1846,0.03,-0.04,0.92,72.432,-7.501141667,112.708125,2.015,2018-04-28T06:11:50.000Z
1847,0.01,-0.03,1.09,72.432,-7.501141667,112.708125,2.015,2018-04-28T06:11:50.000Z
1848,-0.05,-0.04,1.08,72.432,-7.500958333,112.70814,2.015,2018-04-28T06:11:51.000Z
1849,-0.02,-0.03,0.94,72.6156,-7.500776667,112.708158333,2.015,2018-04-28T06:11:52.000Z
1850,-0.01,-0.02,0.96,72.6156,-7.500776667,112.708158333,2.015,2018-04-28T06:11:52.000Z
1851,0.02,-0.03,1.04,72.5796,-7.500593333,112.708178333,2.015,2018-04-28T06:11:53.000Z
1852,-0.02,-0.04,0.98,72.5796,-7.500593333,112.708178333,2.015,2018-04-28T06:11:53.000Z
1853,-0.03,-0.03,0.94,72.6732,-7.50041,112.708205,2.015,2018-04-28T06:11:54.000Z
1854,-0.04,-0.03,1.01,72.6732,-7.50041,112.708205,2.015,2018-04-28T06:11:54.000Z
1855,-0.0,-0.04,1.03,72.6732,-7.50041,112.708205,2.015,2018-04-28T06:11:54.000Z
1856,0.01,-0.05,0.99,74.2104,-7.500223333,112.708236667,2.015,2018-04-28T06:11:55.000Z
1857,-0.04,-0.02,1.01,74.7288,-7.500036667,112.708273333,2.015,2018-04-28T06:11:56.000Z
1858,-0.05,-0.04,1.06,74.7288,-7.500036667,112.708273333,2.015,2018-04-28T06:11:56.000Z
1859,-0.02,-0.04,0.98,74.5992,-7.49985,112.708315,2.015,2018-04-28T06:11:57.000Z
1860,0.02,-0.05,0.97,74.5992,-7.49985,112.708315,2.015,2018-04-28T06:11:57.000Z
1861,0.02,-0.05,0.92,74.2464,-7.499666667,112.708356667,2.015,2018-04-28T06:11:58.000Z
1862,0.07,-0.04,1.08,74.2464,-7.499666667,112.708356667,2.015,2018-04-28T06:11:58.000Z
1863,0.01,-0.03,1.11,73.8216,-7.499483333,112.7084,2.015,2018-04-28T06:11:59.000Z
1864,-0.01,-0.02,1.02,73.8216,-7.499483333,112.7084,2.015,2018-04-28T06:11:59.000Z
1865,-0.0,-0.04,1.0,73.8216,-7.499483333,112.7084,2.015,2018-04-28T06:11:59.000Z
1866,-0.06,-0.04,1.06,74.376,-7.499298333,112.708446667,2.015,2018-04-28T06:12:00.000Z
1867,-0.04,-0.04,1.02,74.4336,-7.499111667,112.708498333,2.015,2018-04-28T06:12:01.000Z
1868,0.03,-0.04,0.91,74.4336,-7.499111667,112.708498333,2.015,2018-04-28T06:12:01.000Z
1869,-0.04,-0.05,1.03,73.9512,-7.49893,112.708545,2.015,2018-04-28T06:12:02.000Z
1870,0.02,-0.03,1.08,73.9512,-7.49893,112.708545,2.015,2018-04-28T06:12:02.000Z
1871,0.03,-0.05,1.05,73.4328,-7.498746667,112.70859,2.015,2018-04-28T06:12:03.000Z
1872,-0.0,-0.04,1.0,73.4328,-7.498746667,112.70859,2.015,2018-04-28T06:12:03.000Z
1873,0.01,-0.04,0.94,73.062,-7.498566667,112.708633333,2.015,2018-04-28T06:12:04.000Z
1874,0.05,-0.03,0.99,73.062,-7.498566667,112.708633333,2.015,2018-04-28T06:12:04.000Z
1875,0.04,-0.05,0.98,73.062,-7.498566667,112.708633333,2.015,2018-04-28T06:12:04.000Z
1876,0.01,-0.04,1.1,73.3392,-7.498386667,112.708676667,2.015,2018-04-28T06:12:05.000Z
1877,-0.04,-0.05,1.05,73.692,-7.498206667,112.708721667,2.015,2018-04-28T06:12:06.000Z
1878,0.01,-0.06,1.11,73.692,-7.498206667,112.708721667,2.015,2018-04-28T06:12:06.000Z
1879,0.03,0.0,1.02,73.746,-7.498025,112.708763333,2.015,2018-04-28T06:12:07.000Z
1880,0.02,-0.04,0.89,73.746,-7.498025,112.708763333,2.015,2018-04-28T06:12:07.000Z
1881,0.01,-0.04,1.02,73.4868,-7.497848333,112.708803333,2.015,2018-04-28T06:12:08.000Z
1882,-0.01,-0.02,1.07,73.4868,-7.497848333,112.708803333,2.015,2018-04-28T06:12:08.000Z
1883,-0.01,-0.05,0.95,73.5804,-7.497666667,112.708845,2.015,2018-04-28T06:12:09.000Z
1884,0.01,-0.04,0.97,73.5804,-7.497666667,112.708845,2.015,2018-04-28T06:12:09.000Z
1885,0.01,-0.04,1.0,73.5804,-7.497488333,112.708881667,2.015,2018-04-28T06:12:10.000Z
1886,-0.0,-0.03,1.05,73.5804,-7.497488333,112.708881667,2.015,2018-04-28T06:12:10.000Z
1887,-0.0,-0.05,0.97,73.4688,-7.49731,112.708921667,2.015,2018-04-28T06:12:11.000Z
1888,-0.03,-0.02,0.98,73.4688,-7.49731,112.708921667,2.015,2018-04-28T06:12:11.000Z
1889,0.03,-0.05,0.99,73.3572,-7.497131667,112.708961667,2.015,2018-04-28T06:12:12.000Z
1890,0.01,-0.01,1.0,73.3572,-7.497131667,112.708961667,2.015,2018-04-28T06:12:12.000Z
1891,-0.01,-0.02,1.04,72.5436,-7.496951667,112.709003333,2.015,2018-04-28T06:12:13.000Z
1892,0.0,-0.04,1.06,72.5436,-7.496951667,112.709003333,2.015,2018-04-28T06:12:13.000Z
1893,-0.0,-0.03,1.03,72.2448,-7.496773333,112.709043333,2.015,2018-04-28T06:12:14.000Z
1894,-0.02,-0.02,1.0,72.2448,-7.496773333,112.709043333,2.015,2018-04-28T06:12:14.000Z
1895,-0.02,-0.03,1.03,72.1548,-7.496593333,112.709085,2.015,2018-04-28T06:12:15.000Z
1896,0.04,-0.04,0.98,72.1548,-7.496593333,112.709085,2.015,2018-04-28T06:12:15.000Z
1897,-0.02,-0.03,1.07,72.8748,-7.496416667,112.709126667,2.015,2018-04-28T06:12:16.000Z
1898,-0.01,-0.04,0.99,72.8748,-7.496416667,112.709126667,2.015,2018-04-28T06:12:16.000Z
1899,-0.01,-0.03,1.04,72.3384,-7.496236667,112.709168333,2.015,2018-04-28T06:12:17.000Z
1900,0.01,-0.02,0.98,72.3744,-7.496055,112.709208333,2.015,2018-04-28T06:12:18.000Z
1901,0.0,-0.03,1.02,72.3744,-7.496055,112.709208333,2.015,2018-04-28T06:12:18.000Z
1902,-0.02,-0.04,0.97,72.5256,-7.495875,112.709248333,2.015,2018-04-28T06:12:19.000Z
1903,0.01,-0.03,0.93,72.5256,-7.495875,112.709248333,2.015,2018-04-28T06:12:19.000Z
1904,0.01,-0.04,1.02,72.5256,-7.495875,112.709248333,2.015,2018-04-28T06:12:19.000Z
1905,0.01,-0.03,1.03,72.6372,-7.495693333,112.70929,2.015,2018-04-28T06:12:20.000Z
1906,0.01,-0.05,1.05,73.134,-7.495511667,112.709328333,2.015,2018-04-28T06:12:21.000Z
1907,0.01,-0.03,1.08,73.134,-7.495511667,112.709328333,2.015,2018-04-28T06:12:21.000Z
1908,-0.04,-0.04,1.19,72.8964,-7.495328333,112.709366667,2.015,2018-04-28T06:12:22.000Z
1909,-0.03,-0.02,0.9,72.8964,-7.495328333,112.709366667,2.015,2018-04-28T06:12:22.000Z
1910,-0.01,-0.03,0.94,73.098,-7.495145,112.709408333,2.015,2018-04-28T06:12:23.000Z
1911,0.02,-0.03,1.1,73.098,-7.495145,112.709408333,2.015,2018-04-28T06:12:23.000Z
1912,-0.01,-0.03,1.05,73.5048,-7.494963333,112.709448333,2.015,2018-04-28T06:12:24.000Z
1913,-0.03,-0.03,1.01,73.5048,-7.494963333,112.709448333,2.015,2018-04-28T06:12:24.000Z
1914,0.01,-0.03,1.08,73.5048,-7.494963333,112.709448333,2.015,2018-04-28T06:12:24.000Z
1915,0.01,-0.02,0.94,73.4688,-7.494781667,112.709491667,2.015,2018-04-28T06:12:25.000Z
1916,-0.02,-0.02,0.95,73.3392,-7.494601667,112.709531667,2.015,2018-04-28T06:12:26.000Z
1917,-0.0,-0.03,1.02,73.3392,-7.494601667,112.709531667,2.015,2018-04-28T06:12:26.000Z
1918,0.01,-0.05,1.09,73.3572,-7.494423333,112.70957,2.015,2018-04-28T06:12:27.000Z
1919,-0.01,-0.03,1.03,73.3572,-7.494423333,112.70957,2.015,2018-04-28T06:12:27.000Z
1920,-0.01,-0.04,1.03,71.82,-7.494246667,112.70961,2.015,2018-04-28T06:12:28.000Z
1921,0.01,-0.03,1.0,71.82,-7.494246667,112.70961,2.015,2018-04-28T06:12:28.000Z
1922,0.03,-0.02,0.94,72.5796,-7.494065,112.70965,2.015,2018-04-28T06:12:29.000Z
1923,-0.02,-0.03,1.0,72.5796,-7.494065,112.70965,2.015,2018-04-28T06:12:29.000Z
1924,-0.02,-0.03,1.07,72.5796,-7.494065,112.70965,2.015,2018-04-28T06:12:29.000Z
1925,-0.01,-0.04,1.04,73.8936,-7.493885,112.709691667,2.015,2018-04-28T06:12:30.000Z
1926,-0.01,-0.03,0.98,72.9864,-7.493705,112.709733333,2.015,2018-04-28T06:12:31.000Z
1927,-0.02,-0.04,1.11,72.9864,-7.493705,112.709733333,2.015,2018-04-28T06:12:31.000Z
1928,-0.01,-0.02,1.0,72.8208,-7.493525,112.709771667,2.015,2018-04-28T06:12:32.000Z
1929,0.0,-0.03,0.95,72.8208,-7.493525,112.709771667,2.015,2018-04-28T06:12:32.000Z
1930,-0.01,-0.03,1.08,72.6912,-7.493345,112.709811667,2.015,2018-04-28T06:12:33.000Z
1931,-0.01,-0.02,1.01,72.6912,-7.493345,112.709811667,2.015,2018-04-28T06:12:33.000Z
1932,-0.03,-0.04,1.0,72.7668,-7.493165,112.70985,2.015,2018-04-28T06:12:34.000Z
1933,-0.03,-0.02,0.99,72.7668,-7.493165,112.70985,2.015,2018-04-28T06:12:34.000Z
1934,-0.03,-0.04,1.01,72.7272,-7.492986667,112.709888333,2.015,2018-04-28T06:12:35.000Z
1935,-0.01,-0.03,1.01,72.7272,-7.492986667,112.709888333,2.015,2018-04-28T06:12:35.000Z
1936,-0.01,-0.04,1.11,72.6372,-7.492808333,112.709926667,2.015,2018-04-28T06:12:36.000Z
1937,0.01,-0.03,0.95,72.6372,-7.492808333,112.709926667,2.015,2018-04-28T06:12:36.000Z
1938,0.01,-0.02,0.97,72.1368,-7.492631667,112.709963333,2.015,2018-04-28T06:12:37.000Z
1939,0.01,-0.03,1.03,72.1368,-7.492631667,112.709963333,2.015,2018-04-28T06:12:37.000Z
1940,0.03,-0.02,0.99,72.5256,-7.492453333,112.709998333,2.015,2018-04-28T06:12:38.000Z
1941,0.02,-0.04,0.98,72.5256,-7.492453333,112.709998333,2.015,2018-04-28T06:12:38.000Z
1942,0.03,-0.04,1.0,72.6156,-7.492275,112.710033333,2.015,2018-04-28T06:12:39.000Z
1943,0.01,-0.02,1.0,72.6156,-7.492275,112.710033333,2.015,2018-04-28T06:12:39.000Z
1944,0.03,-0.03,0.96,72.6156,-7.492275,112.710033333,2.015,2018-04-28T06:12:39.000Z
1945,0.02,-0.02,1.11,72.2088,-7.492098333,112.710065,2.015,2018-04-28T06:12:40.000Z
1946,0.01,-0.03,1.02,72.1908,-7.49192,112.710098333,2.015,2018-04-28T06:12:41.000Z
1947,0.03,-0.03,1.07,72.1908,-7.49192,112.710098333,2.015,2018-04-28T06:12:41.000Z
1948,0.01,-0.03,1.01,72.2844,-7.491741667,112.710125,2.015,2018-04-28T06:12:42.000Z
1949,-0.03,-0.03,0.89,72.2844,-7.491741667,112.710125,2.015,2018-04-28T06:12:42.000Z
1950,0.06,-0.04,0.9,72.3384,-7.49156,112.71015,2.015,2018-04-28T06:12:43.000Z
1951,0.03,-0.03,1.09,72.3384,-7.49156,112.71015,2.015,2018-04-28T06:12:43.000Z
1952,-0.01,-0.03,1.0,72.3204,-7.491378333,112.71017,2.015,2018-04-28T06:12:44.000Z
1953,-0.01,-0.01,1.0,72.3204,-7.491378333,112.71017,2.015,2018-04-28T06:12:44.000Z
1954,0.0,-0.04,1.0,72.7848,-7.491195,112.710188333,2.015,2018-04-28T06:12:45.000Z
1955,0.01,-0.03,0.96,72.7848,-7.491195,112.710188333,2.015,2018-04-28T06:12:45.000Z
1956,-0.03,-0.03,0.97,72.45,-7.491013333,112.710205,2.015,2018-04-28T06:12:46.000Z
1957,-0.04,-0.04,1.08,72.45,-7.491013333,112.710205,2.015,2018-04-28T06:12:46.000Z
1958,-0.01,-0.04,0.98,72.468,-7.490831667,112.710218333,2.015,2018-04-28T06:12:47.000Z
1959,-0.01,-0.05,0.92,72.1548,-7.49065,112.71023,2.015,2018-04-28T06:12:48.000Z
1960,-0.01,-0.03,1.03,72.1548,-7.49065,112.71023,2.015,2018-04-28T06:12:48.000Z
1961,-0.01,-0.05,1.01,72.2844,-7.490466667,112.710241667,2.015,2018-04-28T06:12:49.000Z
1962,0.0,-0.02,0.99,72.2844,-7.490466667,112.710241667,2.015,2018-04-28T06:12:49.000Z
1963,0.01,-0.03,0.97,72.2844,-7.490466667,112.710241667,2.015,2018-04-28T06:12:49.000Z
1964,0.01,-0.04,1.06,72.5796,-7.490285,112.710251667,2.015,2018-04-28T06:12:50.000Z
1965,-0.01,-0.03,1.0,72.9504,-7.490103333,112.710263333,2.015,2018-04-28T06:12:51.000Z
1966,-0.03,-0.02,0.99,72.9504,-7.490103333,112.710263333,2.015,2018-04-28T06:12:51.000Z
1967,-0.01,-0.05,1.0,72.0612,-7.489923333,112.710273333,2.015,2018-04-28T06:12:52.000Z
1968,0.01,-0.04,1.0,72.0612,-7.489923333,112.710273333,2.015,2018-04-28T06:12:52.000Z
1969,0.03,-0.03,0.96,72.1368,-7.489741667,112.710286667,2.015,2018-04-28T06:12:53.000Z
1970,-0.03,-0.04,1.05,72.1368,-7.489741667,112.710286667,2.015,2018-04-28T06:12:53.000Z
1971,0.01,-0.04,1.04,72.7668,-7.489558333,112.710298333,2.015,2018-04-28T06:12:54.000Z
1972,-0.01,-0.03,1.03,72.7668,-7.489558333,112.710298333,2.015,2018-04-28T06:12:54.000Z
1973,-0.01,-0.03,1.0,72.7668,-7.489558333,112.710298333,2.015,2018-04-28T06:12:54.000Z
1974,-0.01,-0.03,1.0,72.8964,-7.489375,112.710313333,2.015,2018-04-28T06:12:55.000Z
1975,0.0,-0.03,1.04,73.6344,-7.48919,112.710325,2.015,2018-04-28T06:12:56.000Z
1976,0.01,-0.02,1.0,73.6344,-7.48919,112.710325,2.015,2018-04-28T06:12:56.000Z
1977,0.03,-0.04,1.02,73.5444,-7.489006667,112.710338333,2.015,2018-04-28T06:12:57.000Z
1978,-0.0,-0.02,1.01,73.5444,-7.489006667,112.710338333,2.015,2018-04-28T06:12:57.000Z
1979,0.0,-0.03,0.9,73.116,-7.488821667,112.710351667,2.015,2018-04-28T06:12:58.000Z
1980,-0.02,-0.01,1.03,73.116,-7.488821667,112.710351667,2.015,2018-04-28T06:12:58.000Z
1981,0.02,-0.03,1.07,72.7452,-7.488638333,112.710365,2.015,2018-04-28T06:12:59.000Z
1982,0.01,-0.04,1.02,72.7452,-7.488638333,112.710365,2.015,2018-04-28T06:12:59.000Z
1983,-0.01,-0.03,0.96,72.6372,-7.488455,112.710378333,2.015,2018-04-28T06:13:00.000Z
1984,-0.01,-0.03,1.02,72.6372,-7.488455,112.710378333,2.015,2018-04-28T06:13:00.000Z
1985,0.0,-0.03,1.06,72.5436,-7.488271667,112.710391667,2.015,2018-04-28T06:13:01.000Z
1986,0.01,-0.02,0.92,72.5436,-7.488271667,112.710391667,2.015,2018-04-28T06:13:01.000Z
1987,0.0,-0.02,0.94,72.6912,-7.48809,112.710403333,2.015,2018-04-28T06:13:02.000Z
1988,-0.01,-0.04,1.08,72.6912,-7.48809,112.710403333,2.015,2018-04-28T06:13:02.000Z
1989,-0.03,-0.03,1.04,72.7092,-7.487906667,112.710416667,2.015,2018-04-28T06:13:03.000Z
1990,-0.01,-0.02,0.97,72.7092,-7.487906667,112.710416667,2.015,2018-04-28T06:13:03.000Z
1991,0.03,-0.06,1.15,73.1736,-7.487721667,112.710428333,2.015,2018-04-28T06:13:04.000Z
1992,-0.0,-0.03,0.91,73.1736,-7.487721667,112.710428333,2.015,2018-04-28T06:13:04.000Z
1993,0.01,-0.03,0.92,73.1556,-7.487536667,112.710441667,2.015,2018-04-28T06:13:05.000Z
1994,-0.03,-0.02,1.04,73.1556,-7.487536667,112.710441667,2.015,2018-04-28T06:13:05.000Z
1995,-0.02,-0.02,1.17,72.7092,-7.487353333,112.710453333,2.015,2018-04-28T06:13:06.000Z
1996,0.0,-0.03,1.0,72.7092,-7.487353333,112.710453333,2.015,2018-04-28T06:13:06.000Z
1997,-0.04,-0.02,0.96,72.7452,-7.48717,112.710465,2.015,2018-04-28T06:13:07.000Z
1998,-0.02,-0.02,1.11,72.7452,-7.48717,112.710465,2.015,2018-04-28T06:13:07.000Z
1999,0.03,-0.05,0.99,73.764,-7.486986667,112.710475,2.015,2018-04-28T06:13:08.000Z
2000,0.06,-0.03,1.0,73.764,-7.486986667,112.710475,2.015,2018-04-28T06:13:08.000Z
2001,0.04,-0.04,0.99,73.0044,-7.486803333,112.710485,2.015,2018-04-28T06:13:09.000Z
2002,-0.01,-0.04,1.01,73.0044,-7.486803333,112.710485,2.015,2018-04-28T06:13:09.000Z
2003,-0.01,-0.04,1.0,72.9684,-7.486616667,112.710491667,2.015,2018-04-28T06:13:10.000Z
2004,0.07,-0.03,0.89,72.9684,-7.486616667,112.710491667,2.015,2018-04-28T06:13:10.000Z
2005,0.02,-0.04,1.03,73.3212,-7.48643,112.710496667,2.015,2018-04-28T06:13:11.000Z
2006,-0.01,-0.05,1.07,73.3392,-7.486243333,112.710501667,2.015,2018-04-28T06:13:12.000Z
2007,0.03,-0.04,0.95,73.3392,-7.486243333,112.710501667,2.015,2018-04-28T06:13:12.000Z
2008,0.04,-0.02,1.03,73.5444,-7.486058333,112.710506667,2.015,2018-04-28T06:13:13.000Z
2009,0.0,-0.03,1.1,73.5444,-7.486058333,112.710506667,2.015,2018-04-28T06:13:13.000Z
2010,0.04,-0.03,0.92,73.4328,-7.485873333,112.710508333,2.015,2018-04-28T06:13:14.000Z
2011,0.1,-0.03,1.01,73.4328,-7.485873333,112.710508333,2.015,2018-04-28T06:13:14.000Z
2012,-0.05,-0.03,1.0,73.4328,-7.485873333,112.710508333,2.015,2018-04-28T06:13:14.000Z
2013,0.01,-0.04,1.01,73.9512,-7.485685,112.710508333,2.015,2018-04-28T06:13:15.000Z
2014,0.01,-0.03,0.99,73.764,-7.4855,112.710508333,2.015,2018-04-28T06:13:16.000Z
2015,-0.04,-0.03,1.01,73.764,-7.4855,112.710508333,2.015,2018-04-28T06:13:16.000Z
2016,-0.02,-0.03,0.97,73.1736,-7.485315,112.710506667,2.015,2018-04-28T06:13:17.000Z
2017,0.01,-0.01,0.97,73.1736,-7.485315,112.710506667,2.015,2018-04-28T06:13:17.000Z
2018,0.01,-0.04,1.05,73.4868,-7.485131667,112.710505,2.015,2018-04-28T06:13:18.000Z
2019,0.01,-0.03,1.06,73.4868,-7.485131667,112.710505,2.015,2018-04-28T06:13:18.000Z
2020,0.0,-0.04,0.92,72.5436,-7.48495,112.710501667,2.015,2018-04-28T06:13:19.000Z
2021,-0.01,-0.03,0.94,72.5436,-7.48495,112.710501667,2.015,2018-04-28T06:13:19.000Z
2022,-0.0,-0.02,1.03,72.5436,-7.48495,112.710501667,2.015,2018-04-28T06:13:19.000Z
2023,0.02,-0.03,1.02,72.6372,-7.484766667,112.710496667,2.015,2018-04-28T06:13:20.000Z
2024,0.01,-0.03,1.01,72.5796,-7.484581667,112.710496667,2.015,2018-04-28T06:13:21.000Z
2025,-0.04,-0.04,1.0,72.5796,-7.484581667,112.710496667,2.015,2018-04-28T06:13:21.000Z
2026,-0.03,-0.02,1.0,72.486,-7.484396667,112.710496667,2.015,2018-04-28T06:13:22.000Z
2027,-0.01,-0.04,0.98,72.486,-7.484396667,112.710496667,2.015,2018-04-28T06:13:22.000Z
2028,-0.03,-0.04,1.05,72.6912,-7.484211667,112.710495,2.015,2018-04-28T06:13:23.000Z
2029,-0.01,-0.02,1.07,72.6912,-7.484211667,112.710495,2.015,2018-04-28T06:13:23.000Z
2030,0.03,-0.04,0.9,72.5436,-7.484026667,112.710495,2.015,2018-04-28T06:13:24.000Z
2031,-0.01,-0.04,1.07,72.5436,-7.484026667,112.710495,2.015,2018-04-28T06:13:24.000Z
2032,-0.01,-0.03,1.03,73.8216,-7.483841667,112.710496667,2.015,2018-04-28T06:13:25.000Z
2033,-0.01,-0.02,1.02,73.8216,-7.483841667,112.710496667,2.015,2018-04-28T06:13:25.000Z
2034,0.01,-0.04,0.93,73.3752,-7.483656667,112.710495,2.015,2018-04-28T06:13:26.000Z
2035,0.05,-0.03,1.06,73.3752,-7.483656667,112.710495,2.015,2018-04-28T06:13:26.000Z
2036,0.03,-0.05,0.98,73.4508,-7.48347,112.710496667,2.015,2018-04-28T06:13:27.000Z
2037,0.01,-0.03,0.96,73.4508,-7.48347,112.710496667,2.015,2018-04-28T06:13:27.000Z
2038,0.07,-0.05,1.06,73.5444,-7.483286667,112.710493333,2.015,2018-04-28T06:13:28.000Z
2039,-0.0,-0.02,0.94,73.5444,-7.483286667,112.710493333,2.015,2018-04-28T06:13:28.000Z
2040,0.02,-0.04,0.98,73.4688,-7.483101667,112.710491667,2.015,2018-04-28T06:13:29.000Z
2041,0.03,-0.05,1.05,73.4688,-7.483101667,112.710491667,2.015,2018-04-28T06:13:29.000Z
2042,-0.0,-0.02,1.03,73.098,-7.482918333,112.710491667,2.015,2018-04-28T06:13:30.000Z
2043,0.02,-0.02,0.95,73.098,-7.482918333,112.710491667,2.015,2018-04-28T06:13:30.000Z
2044,0.03,-0.04,0.98,72.9864,-7.482735,112.71049,2.015,2018-04-28T06:13:31.000Z
2045,-0.0,-0.03,1.06,72.9864,-7.482735,112.71049,2.015,2018-04-28T06:13:31.000Z
2046,-0.02,-0.04,1.05,73.062,-7.482551667,112.710486667,2.015,2018-04-28T06:13:32.000Z
2047,-0.03,-0.02,0.9,73.062,-7.482551667,112.710486667,2.015,2018-04-28T06:13:32.000Z
2048,-0.05,-0.02,0.95,72.5256,-7.482368333,112.710486667,2.015,2018-04-28T06:13:33.000Z
2049,0.03,-0.03,1.11,72.5256,-7.482368333,112.710486667,2.015,2018-04-28T06:13:33.000Z
2050,-0.04,-0.04,1.04,73.746,-7.482183333,112.71049,2.015,2018-04-28T06:13:34.000Z
2051,-0.02,-0.03,0.91,73.746,-7.482183333,112.71049,2.015,2018-04-28T06:13:34.000Z
2052,-0.08,-0.03,1.14,73.6524,-7.482,112.710495,2.015,2018-04-28T06:13:35.000Z
2053,-0.05,-0.04,1.11,73.6524,-7.482,112.710495,2.015,2018-04-28T06:13:35.000Z
2054,-0.01,-0.01,0.91,73.4868,-7.481815,112.710498333,2.015,2018-04-28T06:13:36.000Z
2055,-0.04,-0.03,0.91,73.4868,-7.481815,112.710498333,2.015,2018-04-28T06:13:36.000Z
2056,-0.04,-0.03,1.12,73.5444,-7.481633333,112.710505,2.015,2018-04-28T06:13:37.000Z
2057,-0.0,-0.05,1.01,73.5444,-7.481633333,112.710505,2.015,2018-04-28T06:13:37.000Z
2058,-0.02,-0.02,0.92,73.3212,-7.48145,112.710515,2.015,2018-04-28T06:13:38.000Z
2059,0.03,-0.01,1.01,73.1916,-7.481266667,112.710526667,2.015,2018-04-28T06:13:39.000Z
2060,0.01,-0.02,1.03,73.1916,-7.481266667,112.710526667,2.015,2018-04-28T06:13:39.000Z
2061,-0.03,-0.04,1.07,73.1916,-7.481266667,112.710526667,2.015,2018-04-28T06:13:39.000Z
2062,0.02,-0.04,0.96,72.486,-7.481083333,112.710538333,2.015,2018-04-28T06:13:40.000Z
2063,0.03,-0.03,0.93,73.5984,-7.4809,112.710553333,2.015,2018-04-28T06:13:41.000Z
2064,-0.03,-0.05,0.99,73.5984,-7.4809,112.710553333,2.015,2018-04-28T06:13:41.000Z
2065,-0.01,-0.02,1.1,73.5984,-7.4809,112.710553333,2.015,2018-04-28T06:13:41.000Z
2066,-0.03,-0.04,0.97,73.9872,-7.480713333,112.71057,2.015,2018-04-28T06:13:42.000Z
2067,0.02,-0.04,1.03,73.2636,-7.480528333,112.710586667,2.015,2018-04-28T06:13:43.000Z
2068,0.04,-0.02,1.0,73.2636,-7.480528333,112.710586667,2.015,2018-04-28T06:13:43.000Z
2069,0.03,-0.03,0.96,73.2096,-7.480345,112.710605,2.015,2018-04-28T06:13:44.000Z
2070,0.0,-0.05,1.08,73.2096,-7.480345,112.710605,2.015,2018-04-28T06:13:44.000Z
2071,-0.01,-0.02,0.89,73.2096,-7.480345,112.710605,2.015,2018-04-28T06:13:44.000Z
2072,0.03,-0.04,1.0,73.134,-7.480163333,112.710621667,2.015,2018-04-28T06:13:45.000Z
2073,-0.01,-0.04,1.02,73.8936,-7.479978333,112.71064,2.015,2018-04-28T06:13:46.000Z
2074,-0.01,-0.04,0.99,73.8936,-7.479978333,112.71064,2.015,2018-04-28T06:13:46.000Z
2075,0.04,-0.02,0.9,73.8576,-7.479795,112.71066,2.015,2018-04-28T06:13:47.000Z
2076,-0.03,-0.03,0.98,73.8576,-7.479795,112.71066,2.015,2018-04-28T06:13:47.000Z
2077,0.02,-0.02,1.06,73.6164,-7.479611667,112.710676667,2.015,2018-04-28T06:13:48.000Z
2078,-0.0,-0.04,1.01,73.6164,-7.479611667,112.710676667,2.015,2018-04-28T06:13:48.000Z
2079,-0.01,-0.03,1.01,73.728,-7.479428333,112.710695,2.015,2018-04-28T06:13:49.000Z
2080,0.01,-0.03,0.96,73.728,-7.479428333,112.710695,2.015,2018-04-28T06:13:49.000Z
2081,0.02,-0.04,0.98,73.728,-7.479428333,112.710695,2.015,2018-04-28T06:13:49.000Z
2082,0.02,-0.03,0.94,73.5228,-7.479246667,112.710713333,2.015,2018-04-28T06:13:50.000Z
2083,-0.01,-0.03,1.01,72.45,-7.479066667,112.710731667,2.015,2018-04-28T06:13:51.000Z
2084,0.03,-0.04,1.05,72.45,-7.479066667,112.710731667,2.015,2018-04-28T06:13:51.000Z
2085,0.0,-0.02,0.92,73.2852,-7.478885,112.710746667,2.015,2018-04-28T06:13:52.000Z
2086,0.0,-0.04,0.95,73.2852,-7.478885,112.710746667,2.015,2018-04-28T06:13:52.000Z
2087,0.0,-0.04,1.1,72.8388,-7.478701667,112.710765,2.015,2018-04-28T06:13:53.000Z
2088,-0.03,-0.05,1.04,72.8388,-7.478701667,112.710765,2.015,2018-04-28T06:13:53.000Z
2089,-0.01,-0.04,0.95,72.2088,-7.47852,112.71078,2.015,2018-04-28T06:13:54.000Z
2090,0.02,-0.01,1.08,72.2088,-7.47852,112.71078,2.015,2018-04-28T06:13:54.000Z
2091,0.01,-0.02,1.06,72.2088,-7.47852,112.71078,2.015,2018-04-28T06:13:54.000Z
2092,0.01,-0.03,1.0,72.1152,-7.47834,112.710796667,2.015,2018-04-28T06:13:55.000Z
2093,0.0,-0.02,0.92,72.1152,-7.478158333,112.710811667,2.015,2018-04-28T06:13:56.000Z
2094,0.01,-0.02,0.95,72.1152,-7.478158333,112.710811667,2.015,2018-04-28T06:13:56.000Z
2095,0.04,-0.03,1.11,72.0612,-7.47798,112.710826667,2.015,2018-04-28T06:13:57.000Z
2096,-0.0,-0.04,1.0,72.0612,-7.47798,112.710826667,2.015,2018-04-28T06:13:57.000Z
2097,0.01,-0.03,0.9,71.3016,-7.4778,112.71084,2.015,2018-04-28T06:13:58.000Z
2098,0.01,0.0,1.08,71.3016,-7.4778,112.71084,2.015,2018-04-28T06:13:58.000Z
2099,0.03,-0.03,1.06,71.2836,-7.477621667,112.710855,2.015,2018-04-28T06:13:59.000Z
2100,-0.01,-0.04,0.94,71.2836,-7.477621667,112.710855,2.015,2018-04-28T06:13:59.000Z
2101,0.01,-0.04,0.95,71.2476,-7.477445,112.71087,2.015,2018-04-28T06:14:00.000Z
2102,0.02,-0.04,1.03,71.2476,-7.477445,112.71087,2.015,2018-04-28T06:14:00.000Z
2103,-0.04,-0.02,1.09,71.7084,-7.477266667,112.710886667,2.015,2018-04-28T06:14:01.000Z
2104,0.02,-0.03,0.99,71.7084,-7.477266667,112.710886667,2.015,2018-04-28T06:14:01.000Z
2105,0.03,-0.02,1.0,71.2296,-7.477086667,112.710901667,2.015,2018-04-28T06:14:02.000Z
2106,0.0,-0.05,1.07,71.2296,-7.477086667,112.710901667,2.015,2018-04-28T06:14:02.000Z
2107,-0.01,-0.03,1.02,71.6364,-7.476908333,112.710918333,2.015,2018-04-28T06:14:03.000Z
2108,0.02,-0.04,1.04,71.6364,-7.476908333,112.710918333,2.015,2018-04-28T06:14:03.000Z
2109,-0.0,-0.03,1.0,72.0792,-7.476725,112.710936667,2.015,2018-04-28T06:14:04.000Z
2110,-0.03,-0.03,1.01,72.0792,-7.476725,112.710936667,2.015,2018-04-28T06:14:04.000Z
2111,0.01,-0.01,0.97,72.5616,-7.476543333,112.710955,2.015,2018-04-28T06:14:05.000Z
2112,-0.02,-0.03,0.98,72.5616,-7.47636,112.710975,2.015,2018-04-28T06:14:06.000Z
2113,-0.03,-0.01,1.04,72.5616,-7.47636,112.710975,2.015,2018-04-28T06:14:06.000Z
2114,-0.03,-0.02,0.92,72.2268,-7.476178333,112.710995,2.015,2018-04-28T06:14:07.000Z
2115,0.0,-0.03,1.0,72.2268,-7.476178333,112.710995,2.015,2018-04-28T06:14:07.000Z
2116,0.01,-0.04,1.09,72.0972,-7.475998333,112.711013333,2.015,2018-04-28T06:14:08.000Z
2117,-0.01,-0.04,0.94,72.0972,-7.475998333,112.711013333,2.015,2018-04-28T06:14:08.000Z
2118,-0.01,-0.03,0.99,72.468,-7.475818333,112.71103,2.015,2018-04-28T06:14:09.000Z
2119,-0.01,-0.01,0.94,72.468,-7.475818333,112.71103,2.015,2018-04-28T06:14:09.000Z
2120,0.03,-0.05,0.93,72.468,-7.475818333,112.71103,2.015,2018-04-28T06:14:09.000Z
2121,-0.04,-0.03,1.11,72.1152,-7.475636667,112.711045,2.015,2018-04-28T06:14:10.000Z
2122,-0.04,-0.03,0.94,72.1368,-7.475458333,112.71106,2.015,2018-04-28T06:14:11.000Z
2123,0.05,-0.05,0.87,72.1368,-7.475458333,112.71106,2.015,2018-04-28T06:14:11.000Z
2124,-0.03,-0.03,1.07,72.504,-7.475276667,112.711076667,2.015,2018-04-28T06:14:12.000Z
2125,0.01,-0.02,0.91,72.504,-7.475276667,112.711076667,2.015,2018-04-28T06:14:12.000Z
2126,-0.01,-0.01,0.97,72.396,-7.475095,112.711091667,2.015,2018-04-28T06:14:13.000Z
2127,-0.01,-0.05,1.1,72.396,-7.475095,112.711091667,2.015,2018-04-28T06:14:13.000Z
2128,-0.04,-0.04,1.08,72.2664,-7.474913333,112.711108333,2.015,2018-04-28T06:14:14.000Z
2129,0.01,-0.04,0.95,72.2664,-7.474913333,112.711108333,2.015,2018-04-28T06:14:14.000Z
2130,0.01,-0.03,1.04,72.2664,-7.474913333,112.711108333,2.015,2018-04-28T06:14:14.000Z
2131,-0.01,-0.04,1.08,72.2664,-7.474733333,112.711125,2.015,2018-04-28T06:14:15.000Z
2132,0.0,-0.03,1.01,72.7272,-7.474551667,112.711136667,2.015,2018-04-28T06:14:16.000Z
2133,0.01,-0.03,1.02,72.7272,-7.474551667,112.711136667,2.015,2018-04-28T06:14:16.000Z
2134,-0.01,-0.04,0.99,72.7668,-7.474371667,112.711148333,2.015,2018-04-28T06:14:17.000Z
2135,-0.03,-0.04,1.03,72.7668,-7.474371667,112.711148333,2.015,2018-04-28T06:14:17.000Z
2136,0.05,-0.02,0.98,72.3564,-7.47419,112.711158333,2.015,2018-04-28T06:14:18.000Z
2137,0.02,-0.03,1.0,72.3564,-7.47419,112.711158333,2.015,2018-04-28T06:14:18.000Z
2138,-0.02,-0.02,0.96,72.45,-7.474008333,112.711166667,2.015,2018-04-28T06:14:19.000Z
2139,-0.02,-0.02,1.0,72.45,-7.474008333,112.711166667,2.015,2018-04-28T06:14:19.000Z
2140,-0.01,-0.05,0.95,72.45,-7.474008333,112.711166667,2.015,2018-04-28T06:14:19.000Z
2141,0.01,-0.02,1.06,72.5796,-7.473826667,112.711178333,2.015,2018-04-28T06:14:20.000Z
2142,0.01,-0.03,1.09,73.3572,-7.473643333,112.711191667,2.015,2018-04-28T06:14:21.000Z
2143,-0.03,-0.02,1.01,73.3572,-7.473643333,112.711191667,2.015,2018-04-28T06:14:21.000Z
2144,0.0,-0.03,1.04,72.7092,-7.473461667,112.711205,2.015,2018-04-28T06:14:22.000Z
2145,0.02,-0.04,0.93,72.7092,-7.473461667,112.711205,2.015,2018-04-28T06:14:22.000Z
2146,0.06,-0.04,1.07,73.098,-7.473278333,112.711218333,2.015,2018-04-28T06:14:23.000Z
2147,0.03,-0.04,1.04,73.098,-7.473278333,112.711218333,2.015,2018-04-28T06:14:23.000Z
2148,-0.0,-0.05,1.07,73.134,-7.473096667,112.711231667,2.015,2018-04-28T06:14:24.000Z
2149,-0.01,-0.04,0.92,73.134,-7.473096667,112.711231667,2.015,2018-04-28T06:14:24.000Z
2150,0.01,-0.03,1.05,73.0044,-7.472916667,112.711246667,2.015,2018-04-28T06:14:25.000Z
2151,0.03,-0.0,1.01,73.0044,-7.472916667,112.711246667,2.015,2018-04-28T06:14:25.000Z
2152,-0.0,-0.07,1.02,72.504,-7.472735,112.711263333,2.015,2018-04-28T06:14:26.000Z
2153,0.02,-0.03,0.91,72.504,-7.472735,112.711263333,2.015,2018-04-28T06:14:26.000Z
2154,-0.0,-0.02,1.06,72.9504,-7.472553333,112.711281667,2.015,2018-04-28T06:14:27.000Z
2155,-0.05,-0.04,1.04,72.9504,-7.472553333,112.711281667,2.015,2018-04-28T06:14:27.000Z
2156,-0.0,-0.05,1.01,72.6552,-7.47237,112.711298333,2.015,2018-04-28T06:14:28.000Z
2157,-0.03,-0.04,1.04,72.6552,-7.47237,112.711298333,2.015,2018-04-28T06:14:28.000Z
2158,-0.03,-0.06,0.98,72.5976,-7.472186667,112.711316667,2.015,2018-04-28T06:14:29.000Z
2159,-0.01,-0.05,0.98,72.5976,-7.472186667,112.711316667,2.015,2018-04-28T06:14:29.000Z
2160,-0.03,-0.06,1.06,72.1548,-7.472005,112.711335,2.015,2018-04-28T06:14:30.000Z
2161,0.03,-0.07,1.07,72.1548,-7.472005,112.711335,2.015,2018-04-28T06:14:30.000Z
2162,0.01,-0.04,1.03,72.2664,-7.471821667,112.711353333,2.015,2018-04-28T06:14:31.000Z
2163,-0.01,-0.05,0.96,72.2664,-7.471821667,112.711353333,2.015,2018-04-28T06:14:31.000Z
2164,-0.0,-0.07,0.99,71.5428,-7.471641667,112.711368333,2.015,2018-04-28T06:14:32.000Z
2165,-0.01,-0.09,1.08,71.5428,-7.471641667,112.711368333,2.015,2018-04-28T06:14:32.000Z
2166,-0.03,-0.03,1.09,71.4672,-7.471461667,112.711385,2.015,2018-04-28T06:14:33.000Z
2167,0.0,-0.05,1.1,71.3952,-7.471281667,112.7114,2.015,2018-04-28T06:14:34.000Z
2168,-0.06,-0.05,1.01,71.3952,-7.471281667,112.7114,2.015,2018-04-28T06:14:34.000Z
2169,-0.02,-0.02,1.0,71.3952,-7.471281667,112.7114,2.015,2018-04-28T06:14:34.000Z
2170,-0.05,-0.0,1.04,71.154,-7.471105,112.711418333,2.015,2018-04-28T06:14:35.000Z
2171,0.04,-0.04,1.04,70.9488,-7.470928333,112.711436667,2.015,2018-04-28T06:14:36.000Z
2172,0.02,-0.03,1.07,70.9488,-7.470928333,112.711436667,2.015,2018-04-28T06:14:36.000Z
2173,0.01,-0.03,1.01,69.3756,-7.470751667,112.711453333,2.015,2018-04-28T06:14:37.000Z
2174,0.01,-0.04,0.99,69.3756,-7.470751667,112.711453333,2.015,2018-04-28T06:14:37.000Z
2175,-0.03,-0.04,1.0,69.894,-7.470576667,112.711466667,2.015,2018-04-28T06:14:38.000Z
2176,0.02,-0.04,0.95,69.894,-7.470576667,112.711466667,2.015,2018-04-28T06:14:38.000Z
2177,0.06,-0.05,1.03,70.1892,-7.470401667,112.711483333,2.015,2018-04-28T06:14:39.000Z
2178,-0.01,-0.01,0.97,70.1892,-7.470401667,112.711483333,2.015,2018-04-28T06:14:39.000Z
2179,-0.03,-0.04,1.05,70.1892,-7.470401667,112.711483333,2.015,2018-04-28T06:14:39.000Z
2180,-0.03,-0.05,1.19,69.6708,-7.470228333,112.711496667,2.015,2018-04-28T06:14:40.000Z
2181,0.04,-0.03,0.88,69.5052,-7.470055,112.711511667,2.015,2018-04-28T06:14:41.000Z
2182,0.0,-0.02,0.84,69.5052,-7.470055,112.711511667,2.015,2018-04-28T06:14:41.000Z
2183,-0.01,-0.04,1.01,69.4332,-7.469881667,112.711528333,2.015,2018-04-28T06:14:42.000Z
2184,-0.01,-0.03,1.07,69.4332,-7.469881667,112.711528333,2.015,2018-04-28T06:14:42.000Z
2185,-0.03,-0.04,0.88,68.7456,-7.469708333,112.711545,2.015,2018-04-28T06:14:43.000Z
2186,0.03,-0.02,1.03,68.7456,-7.469708333,112.711545,2.015,2018-04-28T06:14:43.000Z
2187,0.02,-0.03,1.04,68.6736,-7.469533333,112.711561667,2.015,2018-04-28T06:14:44.000Z
2188,-0.04,-0.02,0.97,68.6736,-7.469533333,112.711561667,2.015,2018-04-28T06:14:44.000Z
2189,-0.01,-0.04,1.04,68.7096,-7.469358333,112.711578333,2.015,2018-04-28T06:14:45.000Z
2190,0.01,-0.03,1.06,68.7096,-7.469358333,112.711578333,2.015,2018-04-28T06:14:45.000Z
2191,0.0,-0.05,1.1,68.7456,-7.469185,112.711595,2.015,2018-04-28T06:14:46.000Z
2192,0.02,-0.04,0.96,68.7456,-7.469185,112.711595,2.015,2018-04-28T06:14:46.000Z
2193,-0.01,-0.05,0.92,68.0976,-7.469013333,112.71161,2.015,2018-04-28T06:14:47.000Z
2194,-0.06,-0.05,1.03,68.0976,-7.469013333,112.71161,2.015,2018-04-28T06:14:47.000Z
2195,0.0,-0.05,1.0,67.374,-7.468845,112.711621667,2.015,2018-04-28T06:14:48.000Z
2196,-0.02,-0.05,1.04,67.374,-7.468845,112.711621667,2.015,2018-04-28T06:14:48.000Z
2197,0.02,-0.02,1.04,67.2264,-7.468676667,112.711636667,2.015,2018-04-28T06:14:49.000Z
2198,0.01,-0.04,1.09,67.2264,-7.468676667,112.711636667,2.015,2018-04-28T06:14:49.000Z
2199,0.03,-0.02,1.02,66.8952,-7.468508333,112.711651667,2.015,2018-04-28T06:14:50.000Z
2200,-0.01,-0.04,1.0,66.8952,-7.468508333,112.711651667,2.015,2018-04-28T06:14:50.000Z
2201,-0.01,-0.04,1.05,65.7288,-7.46834,112.711666667,2.015,2018-04-28T06:14:51.000Z
2202,-0.04,-0.04,0.97,65.7288,-7.46834,112.711666667,2.015,2018-04-28T06:14:51.000Z
2203,-0.0,-0.04,1.03,66.042,-7.468171667,112.711683333,2.015,2018-04-28T06:14:52.000Z
2204,0.02,-0.04,1.04,66.042,-7.468171667,112.711683333,2.015,2018-04-28T06:14:52.000Z
2205,0.04,-0.0,1.1,65.988,-7.468005,112.711698333,2.015,2018-04-28T06:14:53.000Z
2206,0.02,-0.03,1.08,65.988,-7.468005,112.711698333,2.015,2018-04-28T06:14:53.000Z
2207,0.04,-0.06,1.09,66.042,-7.467838333,112.711711667,2.015,2018-04-28T06:14:54.000Z
2208,0.02,-0.04,0.98,66.042,-7.467838333,112.711711667,2.015,2018-04-28T06:14:54.000Z
2209,0.02,-0.03,1.09,66.042,-7.467673333,112.711725,2.015,2018-04-28T06:14:55.000Z
2210,0.03,-0.03,1.04,65.6532,-7.46751,112.71174,2.015,2018-04-28T06:14:56.000Z
2211,0.01,-0.05,0.92,65.6532,-7.46751,112.71174,2.015,2018-04-28T06:14:56.000Z
2212,0.02,-0.03,0.92,65.6532,-7.46751,112.71174,2.015,2018-04-28T06:14:56.000Z
2213,-0.0,-0.04,1.0,64.9512,-7.467348333,112.711753333,2.015,2018-04-28T06:14:57.000Z
2214,0.01,-0.04,1.02,64.9512,-7.467348333,112.711753333,2.015,2018-04-28T06:14:57.000Z
2215,0.0,-0.02,0.98,64.6524,-7.467185,112.71177,2.015,2018-04-28T06:14:58.000Z
2216,-0.04,-0.02,1.05,64.6524,-7.467185,112.71177,2.015,2018-04-28T06:14:58.000Z
2217,-0.01,-0.01,1.04,64.746,-7.467023333,112.711785,2.015,2018-04-28T06:14:59.000Z
2218,0.03,-0.04,1.07,64.746,-7.467023333,112.711785,2.015,2018-04-28T06:14:59.000Z
2219,0.02,-0.04,1.0,64.4112,-7.466863333,112.711801667,2.015,2018-04-28T06:15:00.000Z
2220,-0.05,-0.02,1.02,64.062,-7.4667,112.711818333,2.015,2018-04-28T06:15:01.000Z
2221,-0.01,-0.06,1.02,64.062,-7.4667,112.711818333,2.015,2018-04-28T06:15:01.000Z
2222,-0.01,-0.05,1.08,63.6732,-7.46654,112.711835,2.015,2018-04-28T06:15:02.000Z
2223,-0.0,-0.07,1.09,63.6732,-7.46654,112.711835,2.015,2018-04-28T06:15:02.000Z
2224,-0.04,-0.05,0.95,63.1908,-7.46638,112.711851667,2.015,2018-04-28T06:15:03.000Z
2225,-0.0,-0.06,1.13,63.1908,-7.46638,112.711851667,2.015,2018-04-28T06:15:03.000Z
2226,0.01,-0.05,1.09,62.3556,-7.466225,112.711866667,2.015,2018-04-28T06:15:04.000Z
2227,-0.01,-0.02,0.99,62.3556,-7.466225,112.711866667,2.015,2018-04-28T06:15:04.000Z
2228,0.02,-0.07,0.93,62.3556,-7.466225,112.711866667,2.015,2018-04-28T06:15:04.000Z
2229,-0.0,-0.06,1.08,61.7652,-7.466071667,112.711881667,2.015,2018-04-28T06:15:05.000Z
2230,-0.01,-0.04,1.04,61.8192,-7.465918333,112.711898333,2.015,2018-04-28T06:15:06.000Z
2231,0.01,-0.05,0.91,61.8192,-7.465918333,112.711898333,2.015,2018-04-28T06:15:06.000Z
2232,0.03,-0.05,0.96,60.4692,-7.465768333,112.711915,2.015,2018-04-28T06:15:07.000Z
2233,-0.0,-0.04,1.01,60.4692,-7.465768333,112.711915,2.015,2018-04-28T06:15:07.000Z
2234,-0.0,-0.04,1.03,60.4872,-7.465616667,112.711931667,2.015,2018-04-28T06:15:08.000Z
2235,0.01,-0.05,1.02,60.4872,-7.465616667,112.711931667,2.015,2018-04-28T06:15:08.000Z
2236,0.01,-0.05,0.94,60.5232,-7.465466667,112.711948333,2.015,2018-04-28T06:15:09.000Z
2237,-0.01,-0.05,1.02,60.5232,-7.465466667,112.711948333,2.015,2018-04-28T06:15:09.000Z
2238,-0.01,-0.03,1.02,60.1344,-7.465318333,112.711965,2.015,2018-04-28T06:15:10.000Z
2239,-0.0,-0.05,0.96,60.1344,-7.465318333,112.711965,2.015,2018-04-28T06:15:10.000Z
2240,0.02,-0.07,1.02,59.8932,-7.465171667,112.71198,2.015,2018-04-28T06:15:11.000Z
2241,-0.01,-0.06,0.9,59.8932,-7.465171667,112.71198,2.015,2018-04-28T06:15:11.000Z
2242,-0.06,-0.09,0.95,59.2452,-7.465023333,112.711998333,2.015,2018-04-28T06:15:12.000Z
2243,-0.03,-0.09,0.94,59.2452,-7.465023333,112.711998333,2.015,2018-04-28T06:15:12.000Z
2244,-0.01,-0.05,0.91,59.4108,-7.464878333,112.712015,2.015,2018-04-28T06:15:13.000Z
2245,0.0,-0.04,1.04,59.4108,-7.464878333,112.712015,2.015,2018-04-28T06:15:13.000Z
2246,-0.01,-0.04,1.01,58.0968,-7.464733333,112.712031667,2.015,2018-04-28T06:15:14.000Z
2247,0.01,-0.04,1.08,58.0968,-7.464733333,112.712031667,2.015,2018-04-28T06:15:14.000Z
2248,0.01,-0.06,1.01,58.392,-7.46459,112.712048333,2.015,2018-04-28T06:15:15.000Z
2249,0.01,-0.04,1.03,58.392,-7.46459,112.712048333,2.015,2018-04-28T06:15:15.000Z
2250,0.01,-0.05,1.02,58.0788,-7.464446667,112.712063333,2.015,2018-04-28T06:15:16.000Z
2251,-0.0,-0.03,0.97,58.0788,-7.464446667,112.712063333,2.015,2018-04-28T06:15:16.000Z
2252,0.0,-0.04,0.99,57.8196,-7.464305,112.712078333,2.015,2018-04-28T06:15:17.000Z
2253,0.0,-0.04,1.02,57.8196,-7.464305,112.712078333,2.015,2018-04-28T06:15:17.000Z
2254,0.0,-0.03,1.04,57.1356,-7.464163333,112.712091667,2.015,2018-04-28T06:15:18.000Z
2255,0.02,-0.04,1.08,57.1356,-7.464163333,112.712091667,2.015,2018-04-28T06:15:18.000Z
2256,0.0,-0.03,0.97,56.8008,-7.464021667,112.712105,2.015,2018-04-28T06:15:19.000Z
2257,0.01,-0.03,1.04,56.8008,-7.464021667,112.712105,2.015,2018-04-28T06:15:19.000Z
2258,-0.0,-0.05,0.98,56.2644,-7.46388,112.71212,2.015,2018-04-28T06:15:20.000Z
2259,0.01,-0.04,0.96,56.2644,-7.46388,112.71212,2.015,2018-04-28T06:15:20.000Z
2260,-0.02,-0.04,0.97,56.358,-7.463738333,112.712136667,2.015,2018-04-28T06:15:21.000Z
2261,0.01,-0.04,0.99,56.358,-7.463738333,112.712136667,2.015,2018-04-28T06:15:21.000Z
2262,-0.0,-0.03,1.02,56.1708,-7.463596667,112.712153333,2.015,2018-04-28T06:15:22.000Z
2263,-0.0,-0.02,1.0,56.1708,-7.463596667,112.712153333,2.015,2018-04-28T06:15:22.000Z
2264,0.0,-0.03,0.99,56.6712,-7.463455,112.712166667,2.015,2018-04-28T06:15:23.000Z
2265,0.01,-0.03,1.0,56.9844,-7.463313333,112.71218,2.015,2018-04-28T06:15:24.000Z
2266,0.01,-0.02,0.99,56.9844,-7.463313333,112.71218,2.015,2018-04-28T06:15:24.000Z
2267,0.01,-0.04,0.93,56.9844,-7.463313333,112.71218,2.015,2018-04-28T06:15:24.000Z
2268,-0.01,-0.05,1.07,56.9484,-7.463171667,112.712195,2.015,2018-04-28T06:15:25.000Z
2269,0.01,-0.04,0.96,56.9124,-7.463031667,112.712208333,2.015,2018-04-28T06:15:26.000Z
2270,0.01,-0.02,0.99,56.9124,-7.463031667,112.712208333,2.015,2018-04-28T06:15:26.000Z
2271,0.01,-0.05,0.94,56.9664,-7.462891667,112.71222,2.015,2018-04-28T06:15:27.000Z
2272,0.02,-0.05,0.98,56.9664,-7.462891667,112.71222,2.015,2018-04-28T06:15:27.000Z
2273,-0.0,-0.05,0.97,56.1168,-7.462753333,112.712231667,2.015,2018-04-28T06:15:28.000Z
2274,0.01,-0.04,0.95,56.1168,-7.462753333,112.712231667,2.015,2018-04-28T06:15:28.000Z
2275,-0.04,-0.04,0.96,55.6164,-7.462613333,112.712243333,2.015,2018-04-28T06:15:29.000Z
2276,-0.03,-0.02,1.05,55.6164,-7.462613333,112.712243333,2.015,2018-04-28T06:15:29.000Z
2277,-0.01,-0.04,0.95,55.6164,-7.462613333,112.712243333,2.015,2018-04-28T06:15:29.000Z
2278,0.0,-0.04,0.97,54.6516,-7.462481667,112.712251667,2.015,2018-04-28T06:15:30.000Z
2279,0.01,-0.04,1.0,55.134,-7.462346667,112.712263333,2.015,2018-04-28T06:15:31.000Z
2280,0.02,-0.04,1.05,55.134,-7.462346667,112.712263333,2.015,2018-04-28T06:15:31.000Z