1,-0.01,0.0,1.01,23.8896,-7.300585,112.740488333,2.864,2018-04-27T23:26:28.000Z
2,-0.02,0.0,1.0,23.8896,-7.300585,112.740488333,2.864,2018-04-27T23:26:28.000Z
3,0.01,0.01,0.99,23.7996,-7.300631667,112.74045,2.864,2018-04-27T23:26:29.000Z
4,-0.02,-0.0,1.0,23.7996,-7.300631667,112.74045,2.864,2018-04-27T23:26:29.000Z
5,-0.03,0.0,1.01,23.8716,-7.300678333,112.740408333,2.864,2018-04-27T23:26:30.000Z
6,-0.02,0.02,0.98,23.8716,-7.300678333,112.740408333,2.864,2018-04-27T23:26:30.000Z
7,0.01,-0.01,1.02,24.3,-7.300725,112.740368333,2.864,2018-04-27T23:26:31.000Z
8,-0.03,-0.0,1.0,24.3,-7.300725,112.740368333,2.864,2018-04-27T23:26:31.000Z
9,-0.04,0.01,0.98,24.3,-7.300725,112.740368333,2.864,2018-04-27T23:26:31.000Z
10,-0.02,0.01,1.0,25.3368,-7.300775,112.74033,2.864,2018-04-27T23:26:32.000Z
11,-0.01,0.01,1.0,24.948,-7.300825,112.74029,2.864,2018-04-27T23:26:33.000Z
12,-0.04,0.0,1.0,24.948,-7.300825,112.74029,2.864,2018-04-27T23:26:33.000Z
13,-0.02,0.01,1.0,24.0768,-7.300873333,112.740253333,2.864,2018-04-27T23:26:34.000Z
14,-0.01,0.0,1.02,24.0768,-7.300873333,112.740253333,2.864,2018-04-27T23:26:34.000Z
15,-0.03,0.0,1.01,24.5772,-7.30092,112.740215,2.864,2018-04-27T23:26:35.000Z
16,-0.03,0.01,1.01,24.5772,-7.30092,112.740215,2.864,2018-04-27T23:26:35.000Z
17,-0.01,0.0,1.01,24.6312,-7.30097,112.740173333,2.864,2018-04-27T23:26:36.000Z
18,-0.02,0.0,1.0,24.6312,-7.30097,112.740173333,2.864,2018-04-27T23:26:36.000Z
19,-0.03,0.01,1.0,25.038,-7.30102,112.740135,2.864,2018-04-27T23:26:37.000Z
20,-0.02,0.0,1.0,25.038,-7.30102,112.740135,2.864,2018-04-27T23:26:37.000Z
21,-0.01,0.0,0.99,25.1496,-7.301073333,112.7401,2.864,2018-04-27T23:26:38.000Z
22,-0.02,0.0,1.0,25.1496,-7.301073333,112.7401,2.864,2018-04-27T23:26:38.000Z
23,-0.03,0.0,1.0,25.5024,-7.301123333,112.740061667,2.864,2018-04-27T23:26:39.000Z
24,-0.01,0.01,1.0,25.5024,-7.301123333,112.740061667,2.864,2018-04-27T23:26:39.000Z
25,-0.01,0.01,1.03,25.9272,-7.301173333,112.740018333,2.864,2018-04-27T23:26:40.000Z
26,-0.02,0.0,0.99,25.9272,-7.301173333,112.740018333,2.864,2018-04-27T23:26:40.000Z
27,-0.02,0.01,1.0,26.0388,-7.301221667,112.739973333,2.864,2018-04-27T23:26:41.000Z
28,-0.02,0.01,1.01,26.0388,-7.301221667,112.739973333,2.864,2018-04-27T23:26:41.000Z
29,-0.01,0.0,1.01,25.9452,-7.301278333,112.739936667,2.864,2018-04-27T23:26:42.000Z
30,-0.02,0.0,0.99,26.0748,-7.30133,112.739895,2.864,2018-04-27T23:26:43.000Z
31,-0.02,0.0,0.99,26.0748,-7.30133,112.739895,2.864,2018-04-27T23:26:43.000Z
32,-0.02,0.0,1.0,26.7804,-7.301383333,112.739855,2.864,2018-04-27T23:26:44.000Z
33,-0.01,0.01,1.0,26.7804,-7.301383333,112.739855,2.864,2018-04-27T23:26:44.000Z
34,-0.01,0.0,0.99,26.7444,-7.301435,112.739808333,2.864,2018-04-27T23:26:45.000Z
35,-0.01,0.0,0.99,26.7444,-7.301435,112.739808333,2.864,2018-04-27T23:26:45.000Z
36,-0.02,0.0,1.0,26.334,-7.301485,112.73977,2.864,2018-04-27T23:26:46.000Z
37,-0.02,0.0,0.99,26.334,-7.301485,112.73977,2.864,2018-04-27T23:26:46.000Z
38,-0.01,0.0,1.0,26.334,-7.301485,112.73977,2.864,2018-04-27T23:26:46.000Z
39,-0.02,0.0,1.0,26.91,-7.301535,112.739726667,2.864,2018-04-27T23:26:47.000Z
40,-0.01,0.0,0.99,26.5392,-7.301583333,112.739681667,2.864,2018-04-27T23:26:48.000Z
41,-0.01,0.0,1.0,26.5392,-7.301583333,112.739681667,2.864,2018-04-27T23:26:48.000Z
42,-0.01,0.0,1.01,26.6148,-7.301631667,112.739635,2.864,2018-04-27T23:26:49.000Z
43,-0.01,0.01,0.99,26.6148,-7.301631667,112.739635,2.864,2018-04-27T23:26:49.000Z
44,-0.01,0.0,1.0,27.8352,-7.301683333,112.73959,2.864,2018-04-27T23:26:50.000Z
45,-0.01,0.0,1.0,27.8352,-7.301683333,112.73959,2.864,2018-04-27T23:26:50.000Z
46,-0.01,0.0,0.99,27.5004,-7.301738333,112.739545,2.864,2018-04-27T23:26:51.000Z
47,-0.01,0.0,1.01,27.5004,-7.301738333,112.739545,2.864,2018-04-27T23:26:51.000Z
48,-0.02,0.01,0.99,27.8532,-7.301791667,112.739501667,2.864,2018-04-27T23:26:52.000Z
49,-0.01,0.01,1.0,27.8532,-7.301791667,112.739501667,2.864,2018-04-27T23:26:52.000Z
50,-0.02,0.0,1.0,28.206,-7.301845,112.739455,2.864,2018-04-27T23:26:53.000Z
51,-0.02,0.01,1.0,28.206,-7.301845,112.739455,2.864,2018-04-27T23:26:53.000Z
52,-0.01,0.01,1.0,28.188,-7.301903333,112.73941,2.864,2018-04-27T23:26:54.000Z
53,-0.01,0.01,1.0,28.188,-7.301903333,112.73941,2.864,2018-04-27T23:26:54.000Z
54,-0.01,0.0,1.0,27.2988,-7.301955,112.739363333,2.864,2018-04-27T23:26:55.000Z
55,-0.03,0.01,1.0,27.2988,-7.301955,112.739363333,2.864,2018-04-27T23:26:55.000Z
56,-0.01,0.0,1.0,27.1692,-7.302006667,112.73932,2.864,2018-04-27T23:26:56.000Z
57,-0.01,0.01,1.0,27.1692,-7.302006667,112.73932,2.864,2018-04-27T23:26:56.000Z
58,-0.02,0.0,1.0,27.558,-7.30206,112.739273333,2.864,2018-04-27T23:26:57.000Z
59,-0.04,0.01,0.99,27.558,-7.30206,112.739273333,2.864,2018-04-27T23:26:57.000Z
60,-0.02,0.01,1.01,27.9468,-7.302111667,112.739226667,2.864,2018-04-27T23:26:58.000Z
61,-0.01,0.0,1.0,27.9468,-7.302111667,112.739226667,2.864,2018-04-27T23:26:58.000Z
62,-0.03,0.0,0.99,27.9108,-7.302163333,112.739178333,2.864,2018-04-27T23:26:59.000Z
63,-0.02,0.0,1.0,27.9108,-7.302163333,112.739178333,2.864,2018-04-27T23:26:59.000Z
64,-0.02,0.01,0.99,27.8928,-7.302213333,112.739133333,2.864,2018-04-27T23:27:00.000Z
65,-0.02,0.01,1.0,27.8928,-7.302213333,112.739133333,2.864,2018-04-27T23:27:00.000Z
66,-0.01,0.01,0.99,29.5956,-7.302263333,112.739086667,2.864,2018-04-27T23:27:01.000Z
67,-0.03,0.0,0.99,29.5956,-7.302263333,112.739086667,2.864,2018-04-27T23:27:01.000Z
68,-0.03,0.01,0.99,30.2976,-7.30232,112.739038333,2.864,2018-04-27T23:27:02.000Z
69,-0.03,0.02,1.0,30.2976,-7.30232,112.739038333,2.864,2018-04-27T23:27:02.000Z
70,-0.03,0.01,1.0,31.464,-7.302378333,112.738986667,2.864,2018-04-27T23:27:03.000Z
71,-0.02,0.01,1.01,31.464,-7.302378333,112.738986667,2.864,2018-04-27T23:27:03.000Z
72,-0.02,0.0,1.0,30.798,-7.302436667,112.738931667,2.864,2018-04-27T23:27:04.000Z
73,-0.02,0.01,1.0,30.798,-7.302436667,112.738931667,2.864,2018-04-27T23:27:04.000Z
74,-0.03,0.0,1.0,31.3164,-7.3025,112.73888,2.864,2018-04-27T23:27:05.000Z
75,-0.02,0.01,1.02,31.3164,-7.3025,112.73888,2.864,2018-04-27T23:27:05.000Z
76,-0.02,0.01,1.0,31.9824,-7.302563333,112.738825,2.864,2018-04-27T23:27:06.000Z
77,-0.02,0.0,1.0,31.9824,-7.302563333,112.738825,2.864,2018-04-27T23:27:06.000Z
78,-0.01,-0.0,1.0,31.5216,-7.302626667,112.738771667,2.864,2018-04-27T23:27:07.000Z
79,-0.02,0.01,0.98,31.5216,-7.302626667,112.738771667,2.864,2018-04-27T23:27:07.000Z
80,-0.03,0.01,1.0,31.0392,-7.302686667,112.738721667,2.864,2018-04-27T23:27:08.000Z
81,-0.02,0.01,1.0,31.0392,-7.302686667,112.738721667,2.864,2018-04-27T23:27:08.000Z
82,-0.02,0.0,1.01,31.9824,-7.30275,112.73867,2.864,2018-04-27T23:27:09.000Z
83,-0.03,0.01,0.99,31.9824,-7.30275,112.73867,2.864,2018-04-27T23:27:09.000Z
84,-0.03,0.01,0.99,33.1524,-7.302815,112.738616667,2.864,2018-04-27T23:27:10.000Z
85,-0.03,0.01,1.0,33.1884,-7.30288,112.738563333,2.864,2018-04-27T23:27:11.000Z
86,-0.02,0.01,1.0,33.1884,-7.30288,112.738563333,2.864,2018-04-27T23:27:11.000Z
87,-0.02,0.01,1.0,33.1884,-7.30288,112.738563333,2.864,2018-04-27T23:27:11.000Z
88,-0.01,0.0,1.0,33.5016,-7.302946667,112.73851,2.864,2018-04-27T23:27:12.000Z
89,-0.03,0.01,1.0,33.4656,-7.303013333,112.738456667,2.864,2018-04-27T23:27:13.000Z
90,-0.02,0.01,1.0,33.4656,-7.303013333,112.738456667,2.864,2018-04-27T23:27:13.000Z
91,-0.02,0.01,1.0,33.4296,-7.30308,112.738401667,2.864,2018-04-27T23:27:14.000Z
92,-0.02,0.0,1.01,33.4296,-7.30308,112.738401667,2.864,2018-04-27T23:27:14.000Z
93,-0.03,0.01,1.0,33.9084,-7.303148333,112.738346667,2.864,2018-04-27T23:27:15.000Z
94,-0.01,0.01,0.98,33.9084,-7.303148333,112.738346667,2.864,2018-04-27T23:27:15.000Z
95,-0.01,0.02,1.02,35.244,-7.303225,112.738295,2.864,2018-04-27T23:27:16.000Z
96,-0.01,0.01,1.0,35.244,-7.303225,112.738295,2.864,2018-04-27T23:27:16.000Z
97,-0.02,0.01,0.95,35.244,-7.303225,112.738295,2.864,2018-04-27T23:27:16.000Z
98,-0.02,0.0,1.0,35.262,-7.303298333,112.738233333,2.864,2018-04-27T23:27:17.000Z
99,-0.02,0.01,1.03,35.262,-7.30337,112.738173333,2.864,2018-04-27T23:27:18.000Z
100,-0.01,0.01,0.98,35.262,-7.30337,112.738173333,2.864,2018-04-27T23:27:18.000Z
101,-0.02,0.01,1.0,35.1864,-7.303438333,112.738113333,2.864,2018-04-27T23:27:19.000Z
102,-0.02,0.01,1.02,35.1864,-7.303438333,112.738113333,2.864,2018-04-27T23:27:19.000Z
103,-0.02,0.02,1.0,35.5032,-7.303508333,112.738048333,2.864,2018-04-27T23:27:20.000Z
104,-0.01,0.01,0.99,35.5032,-7.303508333,112.738048333,2.864,2018-04-27T23:27:20.000Z
105,-0.02,0.01,1.0,35.928,-7.303578333,112.737991667,2.864,2018-04-27T23:27:21.000Z
106,-0.02,0.02,1.0,35.928,-7.303578333,112.737991667,2.864,2018-04-27T23:27:21.000Z
107,-0.03,0.01,1.0,35.928,-7.303578333,112.737991667,2.864,2018-04-27T23:27:21.000Z
108,-0.01,0.01,0.99,36.7236,-7.303651667,112.737933333,2.864,2018-04-27T23:27:22.000Z
109,-0.01,0.01,1.0,36.6696,-7.303723333,112.737873333,2.864,2018-04-27T23:27:23.000Z
110,-0.02,0.02,1.0,36.6696,-7.303723333,112.737873333,2.864,2018-04-27T23:27:23.000Z
111,-0.01,0.01,0.99,37.782,-7.303796667,112.737811667,2.864,2018-04-27T23:27:24.000Z
112,-0.01,0.01,1.0,37.782,-7.303796667,112.737811667,2.864,2018-04-27T23:27:24.000Z
113,-0.01,0.0,1.0,37.9116,-7.303871667,112.73775,2.864,2018-04-27T23:27:25.000Z
114,-0.02,-0.0,1.0,37.9116,-7.303871667,112.73775,2.864,2018-04-27T23:27:25.000Z
115,-0.04,0.0,1.02,38.2608,-7.303945,112.73769,2.864,2018-04-27T23:27:26.000Z
116,-0.01,0.01,0.99,38.2608,-7.303945,112.73769,2.864,2018-04-27T23:27:26.000Z
117,-0.01,-0.01,0.92,38.2608,-7.303945,112.73769,2.864,2018-04-27T23:27:26.000Z
118,-0.03,0.01,0.93,37.764,-7.304016667,112.73763,2.864,2018-04-27T23:27:27.000Z
119,-0.04,0.01,1.04,38.1312,-7.304095,112.737568333,2.864,2018-04-27T23:27:28.000Z
120,-0.03,-0.02,1.03,38.1312,-7.304095,112.737568333,2.864,2018-04-27T23:27:28.000Z
121,-0.05,-0.01,1.05,38.7612,-7.304173333,112.737505,2.864,2018-04-27T23:27:29.000Z
122,-0.01,0.0,0.91,38.7612,-7.304173333,112.737505,2.864,2018-04-27T23:27:29.000Z
123,-0.02,0.01,1.05,39.096,-7.30425,112.737445,2.864,2018-04-27T23:27:30.000Z
124,-0.04,0.01,1.08,39.096,-7.30425,112.737445,2.864,2018-04-27T23:27:30.000Z
125,-0.02,0.0,0.94,39.0384,-7.304326667,112.737383333,2.864,2018-04-27T23:27:31.000Z
126,-0.01,0.0,0.95,40.356,-7.304405,112.73732,2.864,2018-04-27T23:27:32.000Z
127,-0.01,-0.0,1.15,40.356,-7.304405,112.73732,2.864,2018-04-27T23:27:32.000Z
128,-0.05,0.01,1.08,41.3928,-7.304486667,112.737253333,2.864,2018-04-27T23:27:33.000Z
129,-0.03,0.01,0.96,41.3928,-7.304486667,112.737253333,2.864,2018-04-27T23:27:33.000Z
130,0.01,0.0,0.99,42.4836,-7.304571667,112.737186667,2.864,2018-04-27T23:27:34.000Z
131,-0.03,0.02,1.03,42.4836,-7.304571667,112.737186667,2.864,2018-04-27T23:27:34.000Z
132,-0.04,0.0,0.98,42.3936,-7.304653333,112.737118333,2.864,2018-04-27T23:27:35.000Z
133,-0.0,0.0,1.02,42.3936,-7.304653333,112.737118333,2.864,2018-04-27T23:27:35.000Z
134,-0.03,0.01,1.06,42.4656,-7.30474,112.737053333,2.864,2018-04-27T23:27:36.000Z
135,-0.01,0.02,1.11,42.4656,-7.30474,112.737053333,2.864,2018-04-27T23:27:36.000Z
136,0.01,0.02,0.92,42.0048,-7.304825,112.736988333,2.864,2018-04-27T23:27:37.000Z
137,-0.01,0.0,0.92,42.0048,-7.304825,112.736988333,2.864,2018-04-27T23:27:37.000Z
138,-0.01,0.01,0.97,42.354,-7.304908333,112.736923333,2.864,2018-04-27T23:27:38.000Z
139,0.02,0.04,1.11,42.354,-7.304908333,112.736923333,2.864,2018-04-27T23:27:38.000Z
140,0.02,0.01,1.0,43.632,-7.304995,112.736858333,2.864,2018-04-27T23:27:39.000Z
141,-0.01,0.01,0.96,42.5772,-7.305081667,112.736798333,2.864,2018-04-27T23:27:40.000Z
142,0.01,0.0,0.98,42.5772,-7.305081667,112.736798333,2.864,2018-04-27T23:27:40.000Z
143,0.02,0.0,1.0,42.6132,-7.305171667,112.736738333,2.864,2018-04-27T23:27:41.000Z
144,0.01,0.01,0.99,42.6132,-7.305171667,112.736738333,2.864,2018-04-27T23:27:41.000Z
145,0.04,0.01,1.0,42.6132,-7.305171667,112.736738333,2.864,2018-04-27T23:27:41.000Z
146,0.04,0.01,1.01,43.1136,-7.305265,112.736673333,2.864,2018-04-27T23:27:42.000Z
147,0.01,0.01,1.09,43.7616,-7.305361667,112.736613333,2.864,2018-04-27T23:27:43.000Z
148,0.01,0.02,1.06,43.7616,-7.305361667,112.736613333,2.864,2018-04-27T23:27:43.000Z
149,0.03,-0.02,0.98,43.2432,-7.305456667,112.736558333,2.864,2018-04-27T23:27:44.000Z
150,0.01,0.0,0.92,43.2432,-7.305456667,112.736558333,2.864,2018-04-27T23:27:44.000Z
151,0.04,-0.0,0.98,43.2252,-7.305555,112.736506667,2.864,2018-04-27T23:27:45.000Z
152,0.04,0.02,0.95,43.2252,-7.305555,112.736506667,2.864,2018-04-27T23:27:45.000Z
153,0.05,0.01,1.02,43.3368,-7.305651667,112.736458333,2.864,2018-04-27T23:27:46.000Z
154,0.08,0.01,1.0,43.3368,-7.305651667,112.736458333,2.864,2018-04-27T23:27:46.000Z
155,0.04,0.0,0.99,43.3368,-7.305651667,112.736458333,2.864,2018-04-27T23:27:46.000Z
156,0.05,0.01,1.0,44.6688,-7.305753333,112.736413333,2.864,2018-04-27T23:27:47.000Z
157,0.06,-0.0,0.97,44.6688,-7.305858333,112.73637,2.864,2018-04-27T23:27:48.000Z
158,0.01,0.0,0.98,44.6688,-7.305858333,112.73637,2.864,2018-04-27T23:27:48.000Z
159,0.03,0.0,0.99,45.3924,-7.305966667,112.736333333,2.864,2018-04-27T23:27:49.000Z
160,0.01,0.0,1.02,45.3924,-7.305966667,112.736333333,2.864,2018-04-27T23:27:49.000Z
161,0.01,0.01,1.01,45.8172,-7.306076667,112.736298333,2.864,2018-04-27T23:27:50.000Z
162,0.01,0.0,1.03,45.8172,-7.306076667,112.736298333,2.864,2018-04-27T23:27:50.000Z
163,0.03,-0.01,1.02,45.7992,-7.306186667,112.736266667,2.864,2018-04-27T23:27:51.000Z
164,0.02,0.01,0.98,45.7992,-7.306186667,112.736266667,2.864,2018-04-27T23:27:51.000Z
165,0.02,0.01,0.96,45.7992,-7.306186667,112.736266667,2.864,2018-04-27T23:27:51.000Z
166,-0.0,0.0,0.97,46.5228,-7.306298333,112.736236667,2.864,2018-04-27T23:27:52.000Z
167,0.0,0.02,0.96,46.4868,-7.306411667,112.73621,2.864,2018-04-27T23:27:53.000Z
168,-0.0,0.01,1.02,46.4868,-7.306411667,112.73621,2.864,2018-04-27T23:27:53.000Z
169,-0.02,0.01,1.03,46.5768,-7.306526667,112.736186667,2.864,2018-04-27T23:27:54.000Z
170,-0.03,0.01,1.0,46.5768,-7.306526667,112.736186667,2.864,2018-04-27T23:27:54.000Z
171,-0.02,0.01,0.98,47.8728,-7.306641667,112.736163333,2.864,2018-04-27T23:27:55.000Z
172,-0.01,0.0,0.95,47.8728,-7.306641667,112.736163333,2.864,2018-04-27T23:27:55.000Z
173,-0.02,0.01,1.0,48.2256,-7.306758333,112.736138333,2.864,2018-04-27T23:27:56.000Z
174,-0.0,-0.0,0.96,48.2256,-7.306758333,112.736138333,2.864,2018-04-27T23:27:56.000Z
175,0.01,0.02,0.99,49.1328,-7.306878333,112.736113333,2.864,2018-04-27T23:27:57.000Z
176,-0.01,0.02,0.98,49.1328,-7.306878333,112.736113333,2.864,2018-04-27T23:27:57.000Z
177,-0.03,0.0,1.02,48.2076,-7.306998333,112.73609,2.864,2018-04-27T23:27:58.000Z
178,-0.01,0.02,0.96,48.2076,-7.306998333,112.73609,2.864,2018-04-27T23:27:58.000Z
179,-0.02,0.0,0.96,48.9672,-7.307118333,112.736063333,2.864,2018-04-27T23:27:59.000Z
180,-0.03,0.01,0.86,48.9672,-7.307118333,112.736063333,2.864,2018-04-27T23:27:59.000Z
181,-0.07,-0.0,1.03,49.2084,-7.307238333,112.736036667,2.864,2018-04-27T23:28:00.000Z
182,-0.02,0.0,1.03,49.2084,-7.307238333,112.736036667,2.864,2018-04-27T23:28:00.000Z
183,-0.01,0.02,1.18,51.228,-7.307361667,112.736006667,2.864,2018-04-27T23:28:01.000Z
184,-0.04,0.01,1.07,51.228,-7.307361667,112.736006667,2.864,2018-04-27T23:28:01.000Z
185,-0.05,0.01,1.06,51.228,-7.307361667,112.736006667,2.864,2018-04-27T23:28:01.000Z
186,-0.05,0.03,1.01,51.228,-7.307485,112.735983333,2.864,2018-04-27T23:28:02.000Z
187,-0.03,0.01,0.97,51.228,-7.307485,112.735983333,2.864,2018-04-27T23:28:02.000Z
188,-0.04,0.01,0.99,50.8932,-7.307606667,112.735958333,2.864,2018-04-27T23:28:03.000Z
189,-0.05,0.0,0.99,50.8932,-7.307606667,112.735958333,2.864,2018-04-27T23:28:03.000Z
190,-0.05,0.03,1.04,51.6708,-7.307731667,112.735933333,2.864,2018-04-27T23:28:04.000Z
191,-0.04,0.01,1.02,51.6708,-7.307731667,112.735933333,2.864,2018-04-27T23:28:04.000Z
192,-0.01,0.0,0.98,52.1136,-7.307858333,112.735906667,2.864,2018-04-27T23:28:05.000Z
193,-0.01,0.01,0.93,52.2072,-7.307985,112.735876667,2.864,2018-04-27T23:28:06.000Z
194,-0.01,0.02,1.0,52.2072,-7.307985,112.735876667,2.864,2018-04-27T23:28:06.000Z
195,-0.02,0.02,0.98,52.2072,-7.307985,112.735876667,2.864,2018-04-27T23:28:06.000Z
196,-0.01,0.01,1.0,52.6536,-7.308111667,112.735848333,2.864,2018-04-27T23:28:07.000Z
197,-0.01,0.01,1.01,52.6896,-7.30824,112.735816667,2.864,2018-04-27T23:28:08.000Z
198,-0.01,0.02,1.01,52.6896,-7.30824,112.735816667,2.864,2018-04-27T23:28:08.000Z
199,-0.03,0.02,1.03,52.9488,-7.308368333,112.735793333,2.864,2018-04-27T23:28:09.000Z
200,-0.02,0.01,0.97,52.9488,-7.308368333,112.735793333,2.864,2018-04-27T23:28:09.000Z
201,-0.01,0.01,1.0,53.5788,-7.308498333,112.735768333,2.864,2018-04-27T23:28:10.000Z
202,-0.01,0.01,0.99,53.5788,-7.308498333,112.735768333,2.864,2018-04-27T23:28:10.000Z
203,-0.01,0.01,0.95,53.4492,-7.30863,112.735743333,2.864,2018-04-27T23:28:11.000Z
204,-0.02,0.0,0.95,53.4492,-7.30863,112.735743333,2.864,2018-04-27T23:28:11.000Z
205,-0.01,0.01,1.02,53.4492,-7.30863,112.735743333,2.864,2018-04-27T23:28:11.000Z
206,-0.02,-0.0,0.99,53.7084,-7.308765,112.735718333,2.864,2018-04-27T23:28:12.000Z
207,-0.03,0.0,1.0,53.91,-7.3089,112.735686667,2.864,2018-04-27T23:28:13.000Z
208,-0.05,0.01,1.01,53.91,-7.3089,112.735686667,2.864,2018-04-27T23:28:13.000Z
209,-0.02,0.01,0.99,55.3932,-7.309035,112.735656667,2.864,2018-04-27T23:28:14.000Z
210,-0.03,0.01,1.01,55.3932,-7.309035,112.735656667,2.864,2018-04-27T23:28:14.000Z
211,-0.02,0.0,1.04,56.0052,-7.309171667,112.73563,2.864,2018-04-27T23:28:15.000Z
212,-0.01,0.01,1.01,56.0052,-7.309171667,112.73563,2.864,2018-04-27T23:28:15.000Z
213,-0.03,0.01,1.02,55.9476,-7.30931,112.7356,2.864,2018-04-27T23:28:16.000Z
214,-0.01,0.0,1.0,55.9476,-7.30931,112.7356,2.864,2018-04-27T23:28:16.000Z
215,0.01,0.03,0.94,55.9476,-7.30931,112.7356,2.864,2018-04-27T23:28:16.000Z
216,-0.01,0.01,1.0,55.9872,-7.309446667,112.735571667,2.864,2018-04-27T23:28:17.000Z
217,-0.01,0.0,0.98,56.0052,-7.309585,112.735541667,2.864,2018-04-27T23:28:18.000Z
218,-0.03,0.02,1.02,56.0052,-7.309585,112.735541667,2.864,2018-04-27T23:28:18.000Z
219,-0.05,0.02,1.04,56.0232,-7.309723333,112.735513333,2.864,2018-04-27T23:28:19.000Z
220,-0.03,0.01,0.94,56.0232,-7.309723333,112.735513333,2.864,2018-04-27T23:28:19.000Z
221,-0.01,0.01,0.95,56.6532,-7.309863333,112.735485,2.864,2018-04-27T23:28:20.000Z
222,-0.02,0.01,0.98,56.6532,-7.309863333,112.735485,2.864,2018-04-27T23:28:20.000Z
223,-0.0,0.01,0.98,57.4128,-7.310006667,112.735458333,2.864,2018-04-27T23:28:21.000Z
224,-0.01,0.01,1.01,57.4128,-7.310006667,112.735458333,2.864,2018-04-27T23:28:21.000Z
225,-0.03,0.01,0.96,57.078,-7.310148333,112.735428333,2.864,2018-04-27T23:28:22.000Z
226,-0.02,0.02,0.98,57.078,-7.310148333,112.735428333,2.864,2018-04-27T23:28:22.000Z
227,-0.02,0.01,0.98,58.0248,-7.31029,112.735403333,2.864,2018-04-27T23:28:23.000Z
228,-0.01,0.02,0.97,58.0248,-7.31029,112.735403333,2.864,2018-04-27T23:28:23.000Z
229,-0.02,0.01,1.01,58.0788,-7.310433333,112.735373333,2.864,2018-04-27T23:28:24.000Z
230,-0.05,0.02,0.99,58.0788,-7.310433333,112.735373333,2.864,2018-04-27T23:28:24.000Z
231,-0.01,0.0,0.98,58.356,-7.310575,112.73534,2.864,2018-04-27T23:28:25.000Z
232,-0.02,0.01,1.02,58.356,-7.310575,112.73534,2.864,2018-04-27T23:28:25.000Z
233,-0.01,0.01,1.02,58.4676,-7.310718333,112.735305,2.864,2018-04-27T23:28:26.000Z
234,-0.03,0.0,1.04,58.4676,-7.310718333,112.735305,2.864,2018-04-27T23:28:26.000Z
235,-0.03,0.01,1.04,59.7816,-7.310863333,112.735268333,2.864,2018-04-27T23:28:27.000Z
236,-0.04,0.0,1.03,59.7816,-7.310863333,112.735268333,2.864,2018-04-27T23:28:27.000Z
237,-0.02,0.0,1.01,60.7284,-7.311013333,112.735236667,2.864,2018-04-27T23:28:28.000Z
238,-0.03,-0.01,1.03,60.7284,-7.311013333,112.735236667,2.864,2018-04-27T23:28:28.000Z
239,-0.03,0.0,1.02,60.0984,-7.311163333,112.73521,2.864,2018-04-27T23:28:29.000Z
240,-0.02,0.02,1.03,60.0984,-7.311163333,112.73521,2.864,2018-04-27T23:28:29.000Z
241,-0.02,0.01,1.04,60.4872,-7.311313333,112.735183333,2.864,2018-04-27T23:28:30.000Z
242,-0.02,0.01,0.99,60.4872,-7.311313333,112.735183333,2.864,2018-04-27T23:28:30.000Z
243,-0.02,0.01,1.0,60.8364,-7.311463333,112.735153333,2.864,2018-04-27T23:28:31.000Z
244,-0.02,0.0,0.99,60.8364,-7.311463333,112.735153333,2.864,2018-04-27T23:28:31.000Z
245,-0.04,0.01,0.97,60.948,-7.31161,112.735123333,2.864,2018-04-27T23:28:32.000Z
246,-0.04,0.01,0.96,59.598,-7.311755,112.73509,2.864,2018-04-27T23:28:33.000Z
247,-0.04,0.01,1.01,59.598,-7.311755,112.73509,2.864,2018-04-27T23:28:33.000Z
248,0.02,0.01,1.01,60.282,-7.311903333,112.735055,2.864,2018-04-27T23:28:34.000Z
249,-0.03,0.01,0.95,60.282,-7.311903333,112.735055,2.864,2018-04-27T23:28:34.000Z
250,-0.03,0.02,0.97,60.3,-7.312055,112.73502,2.864,2018-04-27T23:28:35.000Z
251,-0.0,0.01,1.03,60.3,-7.312055,112.73502,2.864,2018-04-27T23:28:35.000Z
252,-0.01,0.01,0.99,61.0236,-7.312203333,112.734991667,2.864,2018-04-27T23:28:36.000Z
253,-0.02,0.02,0.98,61.0236,-7.312203333,112.734991667,2.864,2018-04-27T23:28:36.000Z
254,-0.02,0.0,0.99,61.0236,-7.312203333,112.734991667,2.864,2018-04-27T23:28:36.000Z
255,-0.01,0.02,0.98,60.6348,-7.312353333,112.734961667,2.864,2018-04-27T23:28:37.000Z
256,-0.02,0.01,0.98,61.0236,-7.312503333,112.734926667,2.864,2018-04-27T23:28:38.000Z
257,-0.03,0.02,1.07,61.0236,-7.312503333,112.734926667,2.864,2018-04-27T23:28:38.000Z
258,-0.01,0.01,0.97,61.1892,-7.31266,112.734891667,2.864,2018-04-27T23:28:39.000Z
259,-0.01,0.0,0.91,61.1892,-7.31266,112.734891667,2.864,2018-04-27T23:28:39.000Z
260,-0.02,0.01,0.96,61.3368,-7.312815,112.734856667,2.864,2018-04-27T23:28:40.000Z
261,-0.02,0.0,1.0,61.3368,-7.312815,112.734856667,2.864,2018-04-27T23:28:40.000Z
262,-0.01,0.01,1.0,61.6716,-7.312965,112.734825,2.864,2018-04-27T23:28:41.000Z
263,-0.02,0.01,1.0,61.6716,-7.312965,112.734825,2.864,2018-04-27T23:28:41.000Z
264,-0.06,0.02,0.98,61.6716,-7.312965,112.734825,2.864,2018-04-27T23:28:41.000Z
265,-0.02,-0.0,0.96,61.6536,-7.31312,112.734808333,2.864,2018-04-27T23:28:42.000Z
266,-0.02,0.02,0.95,61.8948,-7.31328,112.734768333,2.864,2018-04-27T23:28:43.000Z
267,-0.03,0.02,1.0,61.8948,-7.31328,112.734768333,2.864,2018-04-27T23:28:43.000Z
268,-0.03,0.01,1.04,62.0424,-7.313435,112.734731667,2.864,2018-04-27T23:28:44.000Z
269,-0.02,0.01,0.94,62.0424,-7.313435,112.734731667,2.864,2018-04-27T23:28:44.000Z
270,-0.01,0.0,0.99,62.172,-7.31359,112.734693333,2.864,2018-04-27T23:28:45.000Z
271,-0.0,0.01,0.99,62.172,-7.31359,112.734693333,2.864,2018-04-27T23:28:45.000Z
272,-0.03,0.01,1.01,63.7272,-7.31375,112.734658333,2.864,2018-04-27T23:28:46.000Z
273,-0.02,0.01,1.03,63.7272,-7.31375,112.734658333,2.864,2018-04-27T23:28:46.000Z
274,-0.03,0.0,0.99,64.0224,-7.313906667,112.734623333,2.864,2018-04-27T23:28:47.000Z
275,-0.03,0.0,1.04,64.0224,-7.313906667,112.734623333,2.864,2018-04-27T23:28:47.000Z
276,-0.01,0.02,0.96,63.8748,-7.314068333,112.734583333,2.864,2018-04-27T23:28:48.000Z
277,-0.03,0.01,1.06,63.8748,-7.314068333,112.734583333,2.864,2018-04-27T23:28:48.000Z
278,-0.02,0.02,1.04,64.6344,-7.314228333,112.734538333,2.864,2018-04-27T23:28:49.000Z
279,-0.03,0.0,1.0,64.6344,-7.314228333,112.734538333,2.864,2018-04-27T23:28:49.000Z
280,-0.03,0.01,1.0,64.8216,-7.314388333,112.7345,2.864,2018-04-27T23:28:50.000Z
281,-0.03,0.02,0.99,64.8216,-7.314388333,112.7345,2.864,2018-04-27T23:28:50.000Z
282,-0.02,0.02,1.0,65.34,-7.31455,112.734463333,2.864,2018-04-27T23:28:51.000Z
283,-0.02,0.0,0.99,65.34,-7.31455,112.734463333,2.864,2018-04-27T23:28:51.000Z
284,-0.03,0.01,0.94,65.2104,-7.31471,112.734431667,2.864,2018-04-27T23:28:52.000Z
285,0.03,0.0,1.1,65.2104,-7.31471,112.734431667,2.864,2018-04-27T23:28:52.000Z
286,-0.02,0.01,0.94,64.5624,-7.314868333,112.734401667,2.864,2018-04-27T23:28:53.000Z
287,-0.01,0.0,1.03,64.5624,-7.314868333,112.734401667,2.864,2018-04-27T23:28:53.000Z
288,0.0,0.0,1.06,65.358,-7.31503,112.734373333,2.864,2018-04-27T23:28:54.000Z
289,-0.03,0.01,1.02,65.358,-7.31503,112.734373333,2.864,2018-04-27T23:28:54.000Z
290,-0.01,0.0,1.01,65.394,-7.31519,112.734343333,2.864,2018-04-27T23:28:55.000Z
291,-0.01,0.01,1.0,65.394,-7.31519,112.734343333,2.864,2018-04-27T23:28:55.000Z
292,-0.01,0.01,1.0,66.8952,-7.315351667,112.73431,2.864,2018-04-27T23:28:56.000Z
293,-0.01,0.0,1.03,66.8952,-7.315351667,112.73431,2.864,2018-04-27T23:28:56.000Z
294,-0.04,0.0,1.07,66.3372,-7.315535,112.734268333,2.864,2018-04-27T23:28:57.000Z
295,-0.01,-0.0,1.06,66.8016,-7.315703333,112.734233333,2.864,2018-04-27T23:28:58.000Z
296,-0.01,0.01,1.0,66.8016,-7.315703333,112.734233333,2.864,2018-04-27T23:28:58.000Z
297,-0.02,0.0,1.01,67.266,-7.315871667,112.734193333,2.864,2018-04-27T23:28:59.000Z
298,-0.03,0.01,1.0,67.266,-7.315871667,112.734193333,2.864,2018-04-27T23:28:59.000Z
299,-0.03,0.02,1.02,67.266,-7.315871667,112.734193333,2.864,2018-04-27T23:28:59.000Z
300,-0.01,0.02,1.0,67.986,-7.316055,112.734148333,2.864,2018-04-27T23:29:00.000Z
301,-0.04,-0.0,1.01,67.986,-7.316055,112.734148333,2.864,2018-04-27T23:29:00.000Z
302,-0.01,0.0,1.03,68.9508,-7.316226667,112.734108333,2.864,2018-04-27T23:29:01.000Z
303,0.02,0.0,0.94,68.9508,-7.316226667,112.734108333,2.864,2018-04-27T23:29:01.000Z
304,0.01,-0.0,0.95,68.2848,-7.316403333,112.734086667,2.864,2018-04-27T23:29:02.000Z
305,0.02,0.01,1.01,67.968,-7.316573333,112.734048333,2.864,2018-04-27T23:29:03.000Z
306,-0.01,0.01,1.0,67.968,-7.316573333,112.734048333,2.864,2018-04-27T23:29:03.000Z
307,-0.0,0.01,0.93,68.544,-7.316745,112.734006667,2.864,2018-04-27T23:29:04.000Z
308,-0.01,0.02,0.98,68.544,-7.316745,112.734006667,2.864,2018-04-27T23:29:04.000Z
309,-0.01,0.0,1.0,68.652,-7.316916667,112.733963333,2.864,2018-04-27T23:29:05.000Z
310,-0.04,0.0,1.02,68.652,-7.316916667,112.733963333,2.864,2018-04-27T23:29:05.000Z
311,-0.01,0.02,1.03,69.3396,-7.31709,112.73392,2.864,2018-04-27T23:29:06.000Z
312,-0.01,0.01,1.05,69.3396,-7.31709,112.73392,2.864,2018-04-27T23:29:06.000Z
313,-0.01,0.0,0.98,69.3396,-7.31709,112.73392,2.864,2018-04-27T23:29:06.000Z
314,-0.05,0.01,0.96,69.6348,-7.317263333,112.73388,2.864,2018-04-27T23:29:07.000Z
315,-0.04,0.0,1.0,69.7824,-7.317433333,112.733845,2.864,2018-04-27T23:29:08.000Z
316,-0.03,0.0,0.95,69.7824,-7.317433333,112.733845,2.864,2018-04-27T23:29:08.000Z
317,-0.03,0.04,1.07,69.3036,-7.317606667,112.733806667,2.864,2018-04-27T23:29:09.000Z
318,-0.02,0.01,1.01,69.3036,-7.317606667,112.733806667,2.864,2018-04-27T23:29:09.000Z
319,-0.03,-0.01,1.01,69.3036,-7.317776667,112.733775,2.864,2018-04-27T23:29:10.000Z
320,-0.01,0.01,1.0,69.3036,-7.317776667,112.733775,2.864,2018-04-27T23:29:10.000Z
321,0.01,0.03,1.08,69.5808,-7.31795,112.733736667,2.864,2018-04-27T23:29:11.000Z
322,-0.03,0.01,1.08,69.5808,-7.31795,112.733736667,2.864,2018-04-27T23:29:11.000Z
323,0.0,-0.01,1.01,69.5808,-7.31795,112.733736667,2.864,2018-04-27T23:29:11.000Z
324,-0.02,0.01,0.98,69.5052,-7.318123333,112.733696667,2.864,2018-04-27T23:29:12.000Z
325,-0.0,0.01,0.98,69.4872,-7.318296667,112.733668333,2.864,2018-04-27T23:29:13.000Z
326,0.02,0.0,0.97,69.4872,-7.318296667,112.733668333,2.864,2018-04-27T23:29:13.000Z
327,-0.04,0.0,0.99,70.0992,-7.31847,112.733635,2.864,2018-04-27T23:29:14.000Z
328,-0.03,0.0,1.03,70.0992,-7.31847,112.733635,2.864,2018-04-27T23:29:14.000Z
329,-0.01,-0.02,1.0,70.2288,-7.318643333,112.733596667,2.864,2018-04-27T23:29:15.000Z
330,-0.03,0.01,0.98,70.2288,-7.318643333,112.733596667,2.864,2018-04-27T23:29:15.000Z
331,-0.01,0.0,1.0,70.1532,-7.318815,112.733561667,2.864,2018-04-27T23:29:16.000Z
332,0.0,0.0,0.95,70.1532,-7.318815,112.733561667,2.864,2018-04-27T23:29:16.000Z
333,-0.03,0.0,1.05,70.0812,-7.318986667,112.733523333,2.864,2018-04-27T23:29:17.000Z
334,-0.0,0.02,0.99,70.0812,-7.318986667,112.733523333,2.864,2018-04-27T23:29:17.000Z
335,-0.03,0.0,1.11,70.1352,-7.31916,112.733488333,2.864,2018-04-27T23:29:18.000Z
336,-0.0,0.0,0.96,70.1352,-7.31916,112.733488333,2.864,2018-04-27T23:29:18.000Z
337,-0.01,-0.01,0.98,69.8004,-7.319333333,112.733463333,2.864,2018-04-27T23:29:19.000Z
338,-0.01,0.0,1.07,69.8004,-7.319333333,112.733463333,2.864,2018-04-27T23:29:19.000Z
339,-0.03,-0.02,1.01,69.894,-7.319503333,112.733441667,2.864,2018-04-27T23:29:20.000Z
340,-0.04,0.0,1.02,69.894,-7.319503333,112.733441667,2.864,2018-04-27T23:29:20.000Z
341,-0.03,0.01,1.06,69.3396,-7.319675,112.733406667,2.864,2018-04-27T23:29:21.000Z
342,-0.02,-0.0,1.0,69.3396,-7.319675,112.733406667,2.864,2018-04-27T23:29:21.000Z
343,-0.02,-0.01,1.03,70.0596,-7.319846667,112.733371667,2.864,2018-04-27T23:29:22.000Z
344,-0.02,0.0,1.02,70.0596,-7.319846667,112.733371667,2.864,2018-04-27T23:29:22.000Z
345,-0.05,0.01,1.04,70.0596,-7.320018333,112.733331667,2.864,2018-04-27T23:29:23.000Z
346,-0.01,0.0,0.96,69.858,-7.32019,112.733293333,2.864,2018-04-27T23:29:24.000Z
347,-0.02,0.01,0.99,69.858,-7.32019,112.733293333,2.864,2018-04-27T23:29:24.000Z
348,-0.04,0.0,1.06,69.3036,-7.32036,112.733255,2.864,2018-04-27T23:29:25.000Z
349,-0.01,0.0,0.98,69.3036,-7.32036,112.733255,2.864,2018-04-27T23:29:25.000Z
350,-0.01,0.0,1.02,69.4116,-7.320531667,112.73322,2.864,2018-04-27T23:29:26.000Z
351,-0.02,-0.01,1.04,69.4116,-7.320531667,112.73322,2.864,2018-04-27T23:29:26.000Z
352,-0.0,0.0,1.0,69.4116,-7.320531667,112.73322,2.864,2018-04-27T23:29:26.000Z
353,-0.02,0.01,0.99,68.3388,-7.320696667,112.73319,2.864,2018-04-27T23:29:27.000Z
354,-0.02,0.0,1.02,70.0812,-7.320871667,112.733156667,2.864,2018-04-27T23:29:28.000Z
355,-0.01,0.01,1.0,70.0812,-7.320871667,112.733156667,2.864,2018-04-27T23:29:28.000Z
356,-0.02,-0.0,0.99,70.4124,-7.321043333,112.73312,2.864,2018-04-27T23:29:29.000Z
357,-0.01,0.0,1.0,70.4124,-7.321043333,112.73312,2.864,2018-04-27T23:29:29.000Z
358,-0.02,0.01,0.99,71.0064,-7.321216667,112.733081667,2.864,2018-04-27T23:29:30.000Z
359,-0.01,0.0,1.0,71.0064,-7.321216667,112.733081667,2.864,2018-04-27T23:29:30.000Z
360,-0.01,-0.0,1.0,70.3404,-7.321391667,112.73305,2.864,2018-04-27T23:29:31.000Z
361,-0.03,-0.0,0.97,70.3404,-7.321391667,112.73305,2.864,2018-04-27T23:29:31.000Z
362,-0.04,0.0,1.04,70.3404,-7.321391667,112.73305,2.864,2018-04-27T23:29:31.000Z
363,-0.06,0.01,1.02,71.4672,-7.321566667,112.73302,2.864,2018-04-27T23:29:32.000Z
364,-0.01,-0.0,1.03,71.6184,-7.321738333,112.732986667,2.864,2018-04-27T23:29:33.000Z
365,-0.02,0.01,0.99,71.6184,-7.321738333,112.732986667,2.864,2018-04-27T23:29:33.000Z
366,-0.01,-0.01,1.01,71.4672,-7.321911667,112.73295,2.864,2018-04-27T23:29:34.000Z
367,-0.0,0.01,1.04,71.4672,-7.321911667,112.73295,2.864,2018-04-27T23:29:34.000Z
368,-0.01,0.0,1.05,70.0236,-7.322083333,112.732918333,2.864,2018-04-27T23:29:35.000Z
369,-0.03,0.0,0.93,70.0236,-7.322083333,112.732918333,2.864,2018-04-27T23:29:35.000Z
370,-0.0,0.02,0.93,70.8192,-7.322255,112.732885,2.864,2018-04-27T23:29:36.000Z
371,-0.01,0.01,0.98,70.8192,-7.322255,112.732885,2.864,2018-04-27T23:29:36.000Z
372,-0.05,0.02,0.99,70.8192,-7.322255,112.732885,2.864,2018-04-27T23:29:36.000Z
373,-0.02,0.0,1.06,71.3196,-7.322428333,112.732846667,2.864,2018-04-27T23:29:37.000Z
374,-0.01,0.0,0.96,71.4492,-7.322603333,112.732811667,2.864,2018-04-27T23:29:38.000Z
375,-0.02,0.0,1.0,71.4492,-7.322603333,112.732811667,2.864,2018-04-27T23:29:38.000Z
376,-0.01,0.01,1.01,71.8776,-7.322778333,112.732776667,2.864,2018-04-27T23:29:39.000Z
377,-0.01,0.0,1.0,71.8776,-7.322778333,112.732776667,2.864,2018-04-27T23:29:39.000Z
378,-0.02,0.0,1.05,71.4888,-7.322953333,112.732735,2.864,2018-04-27T23:29:40.000Z
379,-0.02,0.0,1.0,71.4888,-7.322953333,112.732735,2.864,2018-04-27T23:29:40.000Z
380,-0.03,-0.0,0.99,71.5248,-7.323126667,112.732696667,2.864,2018-04-27T23:29:41.000Z
381,-0.02,-0.0,1.02,71.5248,-7.323126667,112.732696667,2.864,2018-04-27T23:29:41.000Z
382,-0.01,0.0,0.98,71.5248,-7.323126667,112.732696667,2.864,2018-04-27T23:29:41.000Z
383,-0.02,0.0,1.0,71.5068,-7.323301667,112.732658333,2.864,2018-04-27T23:29:42.000Z
384,-0.01,0.02,1.05,71.5788,-7.323476667,112.73262,2.864,2018-04-27T23:29:43.000Z
385,-0.02,0.01,1.0,71.5788,-7.323476667,112.73262,2.864,2018-04-27T23:29:43.000Z
386,-0.01,0.01,1.0,71.5788,-7.323651667,112.73258,2.864,2018-04-27T23:29:44.000Z
387,0.0,0.01,0.98,71.5788,-7.323651667,112.73258,2.864,2018-04-27T23:29:44.000Z
388,-0.04,0.01,0.98,72.0072,-7.323826667,112.73254,2.864,2018-04-27T23:29:45.000Z
389,-0.03,-0.01,1.09,72.0072,-7.323826667,112.73254,2.864,2018-04-27T23:29:45.000Z
390,-0.02,-0.02,1.03,72.0072,-7.324001667,112.7325,2.864,2018-04-27T23:29:46.000Z
391,-0.03,0.02,1.0,72.0072,-7.324001667,112.7325,2.864,2018-04-27T23:29:46.000Z
392,0.01,0.0,1.02,71.6544,-7.32418,112.732463333,2.864,2018-04-27T23:29:47.000Z
393,-0.03,0.0,1.04,71.6544,-7.32418,112.732463333,2.864,2018-04-27T23:29:47.000Z
394,-0.03,0.01,1.04,71.7084,-7.324355,112.732421667,2.864,2018-04-27T23:29:48.000Z
395,0.01,0.01,0.97,71.7084,-7.324355,112.732421667,2.864,2018-04-27T23:29:48.000Z
396,0.02,0.0,0.98,71.784,-7.324531667,112.73238,2.864,2018-04-27T23:29:49.000Z
397,-0.02,0.0,0.96,71.6724,-7.324705,112.732338333,2.864,2018-04-27T23:29:50.000Z
398,-0.0,-0.0,0.96,71.6724,-7.324705,112.732338333,2.864,2018-04-27T23:29:50.000Z
399,0.01,-0.01,0.96,71.6724,-7.324705,112.732338333,2.864,2018-04-27T23:29:50.000Z
400,-0.02,0.0,1.01,71.4888,-7.324878333,112.7323,2.864,2018-04-27T23:29:51.000Z
401,-0.02,0.02,1.04,71.4888,-7.324878333,112.7323,2.864,2018-04-27T23:29:51.000Z
402,0.0,0.01,1.03,71.4132,-7.325051667,112.732263333,2.864,2018-04-27T23:29:52.000Z
403,-0.01,0.02,1.0,71.136,-7.325226667,112.732226667,2.864,2018-04-27T23:29:53.000Z
404,0.01,0.01,0.96,71.136,-7.325226667,112.732226667,2.864,2018-04-27T23:29:53.000Z
405,0.01,-0.0,1.0,71.2296,-7.3254,112.732188333,2.864,2018-04-27T23:29:54.000Z
406,-0.0,-0.01,1.01,71.2296,-7.3254,112.732188333,2.864,2018-04-27T23:29:54.000Z
407,-0.03,0.0,1.01,71.6724,-7.325575,112.73215,2.864,2018-04-27T23:29:55.000Z
408,-0.0,-0.0,1.0,71.6724,-7.325575,112.73215,2.864,2018-04-27T23:29:55.000Z
409,-0.03,0.0,1.04,71.3772,-7.325748333,112.73211,2.864,2018-04-27T23:29:56.000Z
410,0.01,0.01,1.02,71.3772,-7.325748333,112.73211,2.864,2018-04-27T23:29:56.000Z
411,-0.02,0.01,1.03,71.3772,-7.325748333,112.73211,2.864,2018-04-27T23:29:56.000Z
412,-0.01,0.01,1.02,70.9128,-7.32592,112.73207,2.864,2018-04-27T23:29:57.000Z
413,-0.01,0.01,1.03,70.47,-7.326093333,112.732033333,2.864,2018-04-27T23:29:58.000Z
414,0.01,0.0,1.02,70.47,-7.326093333,112.732033333,2.864,2018-04-27T23:29:58.000Z
415,-0.01,0.01,1.02,70.3584,-7.326266667,112.731998333,2.864,2018-04-27T23:29:59.000Z
416,-0.02,0.0,1.02,70.3584,-7.326266667,112.731998333,2.864,2018-04-27T23:29:59.000Z
417,-0.01,-0.01,0.99,70.2468,-7.326438333,112.73196,2.864,2018-04-27T23:30:00.000Z
418,0.02,-0.01,1.04,70.2468,-7.326438333,112.73196,2.864,2018-04-27T23:30:00.000Z
419,0.01,-0.01,1.07,70.7472,-7.326611667,112.731923333,2.864,2018-04-27T23:30:01.000Z
420,-0.03,-0.01,0.98,70.7472,-7.326611667,112.731923333,2.864,2018-04-27T23:30:01.000Z
421,-0.04,0.01,1.0,70.7472,-7.326611667,112.731923333,2.864,2018-04-27T23:30:01.000Z
422,-0.07,0.0,1.04,70.6536,-7.326785,112.731883333,2.864,2018-04-27T23:30:02.000Z
423,-0.01,0.01,0.95,70.2468,-7.326956667,112.731846667,2.864,2018-04-27T23:30:03.000Z
424,-0.02,0.0,1.08,70.2468,-7.326956667,112.731846667,2.864,2018-04-27T23:30:03.000Z
425,-0.01,-0.01,1.01,69.858,-7.327128333,112.73181,2.864,2018-04-27T23:30:04.000Z
426,-0.03,0.0,1.0,69.858,-7.327128333,112.73181,2.864,2018-04-27T23:30:04.000Z
427,0.02,0.01,0.95,69.7464,-7.327298333,112.73177,2.864,2018-04-27T23:30:05.000Z
428,0.01,-0.01,0.9,69.7464,-7.327298333,112.73177,2.864,2018-04-27T23:30:05.000Z
429,0.01,0.0,0.9,69.7464,-7.327466667,112.731733333,2.864,2018-04-27T23:30:06.000Z
430,-0.03,-0.04,0.98,69.7464,-7.327466667,112.731733333,2.864,2018-04-27T23:30:06.000Z
431,-0.03,-0.02,1.02,69.7464,-7.327466667,112.731733333,2.864,2018-04-27T23:30:06.000Z
432,-0.03,-0.01,1.03,69.894,-7.327636667,112.731698333,2.864,2018-04-27T23:30:07.000Z
433,-0.01,-0.01,1.03,69.7824,-7.327806667,112.731661667,2.864,2018-04-27T23:30:08.000Z
434,-0.01,-0.01,0.99,69.7824,-7.327806667,112.731661667,2.864,2018-04-27T23:30:08.000Z
435,0.01,0.0,0.96,69.6924,-7.327976667,112.731623333,2.864,2018-04-27T23:30:09.000Z
436,-0.02,-0.01,0.99,69.6924,-7.327976667,112.731623333,2.864,2018-04-27T23:30:09.000Z
437,-0.01,-0.0,1.02,69.3936,-7.328146667,112.731588333,2.864,2018-04-27T23:30:10.000Z
438,-0.03,0.01,1.06,69.3936,-7.328146667,112.731588333,2.864,2018-04-27T23:30:10.000Z
439,-0.0,0.01,1.0,69.4512,-7.328318333,112.731555,2.864,2018-04-27T23:30:11.000Z
440,-0.01,0.0,0.95,69.4512,-7.328318333,112.731555,2.864,2018-04-27T23:30:11.000Z
441,0.01,0.0,0.98,69.4512,-7.328318333,112.731555,2.864,2018-04-27T23:30:11.000Z
442,-0.01,0.0,1.0,69.3936,-7.328488333,112.731521667,2.864,2018-04-27T23:30:12.000Z
443,-0.01,0.0,0.99,69.3036,-7.328658333,112.731483333,2.864,2018-04-27T23:30:13.000Z
444,-0.02,0.01,0.99,69.3036,-7.328658333,112.731483333,2.864,2018-04-27T23:30:13.000Z
445,-0.01,0.02,1.0,69.21,-7.328828333,112.731443333,2.864,2018-04-27T23:30:14.000Z
446,-0.01,0.0,1.0,69.21,-7.328828333,112.731443333,2.864,2018-04-27T23:30:14.000Z
447,0.0,0.01,1.01,69.282,-7.328998333,112.73141,2.864,2018-04-27T23:30:15.000Z
448,-0.01,0.01,1.03,69.282,-7.328998333,112.73141,2.864,2018-04-27T23:30:15.000Z
449,-0.01,0.0,1.0,69.246,-7.329168333,112.731376667,2.864,2018-04-27T23:30:16.000Z
450,-0.01,-0.0,1.02,69.246,-7.329168333,112.731376667,2.864,2018-04-27T23:30:16.000Z
451,-0.01,0.01,1.02,68.7096,-7.329338333,112.731345,2.864,2018-04-27T23:30:17.000Z
452,-0.01,0.01,1.02,68.8572,-7.329505,112.731311667,2.864,2018-04-27T23:30:18.000Z
453,-0.02,0.0,1.0,68.8572,-7.329505,112.731311667,2.864,2018-04-27T23:30:18.000Z
454,-0.01,-0.01,1.02,68.8572,-7.329505,112.731311667,2.864,2018-04-27T23:30:18.000Z
455,-0.01,-0.0,1.02,67.4316,-7.32967,112.73128,2.864,2018-04-27T23:30:19.000Z
456,-0.03,-0.0,0.97,67.4316,-7.32967,112.73128,2.864,2018-04-27T23:30:19.000Z
457,-0.02,-0.0,1.01,67.5252,-7.329836667,112.731246667,2.864,2018-04-27T23:30:20.000Z
458,-0.03,0.02,0.98,67.5252,-7.329836667,112.731246667,2.864,2018-04-27T23:30:20.000Z
459,-0.02,0.0,1.02,68.7456,-7.33001,112.731215,2.864,2018-04-27T23:30:21.000Z
460,-0.01,0.01,1.0,68.7456,-7.33001,112.731215,2.864,2018-04-27T23:30:21.000Z
461,-0.02,-0.01,0.97,69.3756,-7.33018,112.73118,2.864,2018-04-27T23:30:22.000Z
462,-0.02,-0.01,0.97,69.4116,-7.33035,112.731143333,2.864,2018-04-27T23:30:23.000Z
463,-0.04,0.0,1.0,69.4116,-7.33035,112.731143333,2.864,2018-04-27T23:30:23.000Z
464,0.0,0.0,0.97,69.3216,-7.33052,112.731106667,2.864,2018-04-27T23:30:24.000Z
465,-0.01,0.01,0.99,69.3216,-7.33052,112.731106667,2.864,2018-04-27T23:30:24.000Z
466,0.01,0.02,1.02,69.858,-7.330693333,112.73107,2.864,2018-04-27T23:30:25.000Z
467,-0.01,0.0,0.98,69.858,-7.330693333,112.73107,2.864,2018-04-27T23:30:25.000Z
468,-0.01,0.01,0.99,69.876,-7.330865,112.731031667,2.864,2018-04-27T23:30:26.000Z
469,-0.03,0.01,1.02,69.876,-7.330865,112.731031667,2.864,2018-04-27T23:30:26.000Z
470,-0.01,-0.0,0.99,69.876,-7.330865,112.731031667,2.864,2018-04-27T23:30:26.000Z
471,-0.0,-0.0,1.03,69.822,-7.331038333,112.730991667,2.864,2018-04-27T23:30:27.000Z
472,0.01,-0.0,0.99,69.21,-7.331211667,112.730953333,2.864,2018-04-27T23:30:28.000Z
473,-0.01,-0.0,1.0,69.21,-7.331211667,112.730953333,2.864,2018-04-27T23:30:28.000Z
474,-0.07,0.01,0.92,69.192,-7.331383333,112.730916667,2.864,2018-04-27T23:30:29.000Z
475,0.0,-0.02,1.0,69.192,-7.331383333,112.730916667,2.864,2018-04-27T23:30:29.000Z
476,0.01,0.02,1.06,69.4872,-7.331556667,112.730891667,2.864,2018-04-27T23:30:30.000Z
477,-0.05,0.01,1.02,69.4872,-7.331556667,112.730891667,2.864,2018-04-27T23:30:30.000Z
478,-0.02,0.0,0.98,69.6168,-7.331728333,112.730853333,2.864,2018-04-27T23:30:31.000Z
479,-0.02,0.0,0.99,69.6168,-7.331728333,112.730853333,2.864,2018-04-27T23:30:31.000Z
480,-0.03,-0.01,0.96,69.6168,-7.331728333,112.730853333,2.864,2018-04-27T23:30:31.000Z
481,-0.01,0.01,1.0,69.1524,-7.331898333,112.730816667,2.864,2018-04-27T23:30:32.000Z
482,-0.01,0.0,1.0,68.7276,-7.332066667,112.73078,2.864,2018-04-27T23:30:33.000Z
483,-0.01,0.0,1.0,68.7276,-7.332066667,112.73078,2.864,2018-04-27T23:30:33.000Z
484,0.01,0.0,0.98,68.8392,-7.332236667,112.730746667,2.864,2018-04-27T23:30:34.000Z
485,-0.02,0.0,1.02,68.8392,-7.332236667,112.730746667,2.864,2018-04-27T23:30:34.000Z
486,-0.0,0.0,1.0,68.8212,-7.332405,112.730713333,2.864,2018-04-27T23:30:35.000Z
487,0.0,0.0,1.03,68.8212,-7.332405,112.730713333,2.864,2018-04-27T23:30:35.000Z
488,-0.01,0.0,0.98,69.21,-7.332575,112.730678333,2.864,2018-04-27T23:30:36.000Z
489,-0.01,0.01,0.99,69.21,-7.332575,112.730678333,2.864,2018-04-27T23:30:36.000Z
490,0.02,0.01,0.95,69.21,-7.332575,112.730678333,2.864,2018-04-27T23:30:36.000Z
491,-0.04,0.02,0.96,69.1164,-7.332743333,112.730643333,2.864,2018-04-27T23:30:37.000Z
492,-0.03,0.01,1.0,68.7276,-7.332913333,112.730611667,2.864,2018-04-27T23:30:38.000Z
493,-0.03,0.0,1.0,68.7276,-7.332913333,112.730611667,2.864,2018-04-27T23:30:38.000Z
494,-0.0,-0.0,0.98,68.7816,-7.333081667,112.730581667,2.864,2018-04-27T23:30:39.000Z
495,-0.03,0.0,1.01,68.7816,-7.333081667,112.730581667,2.864,2018-04-27T23:30:39.000Z
496,-0.02,0.0,1.02,68.7456,-7.333251667,112.730556667,2.864,2018-04-27T23:30:40.000Z
497,-0.01,0.0,1.04,68.7456,-7.333251667,112.730556667,2.864,2018-04-27T23:30:40.000Z
498,-0.03,0.0,0.99,68.7276,-7.333421667,112.730531667,2.864,2018-04-27T23:30:41.000Z
499,-0.0,0.01,0.92,68.7276,-7.333421667,112.730531667,2.864,2018-04-27T23:30:41.000Z
500,-0.02,0.0,0.96,68.634,-7.333593333,112.730505,2.864,2018-04-27T23:30:42.000Z
501,-0.04,-0.0,1.02,68.634,-7.333593333,112.730505,2.864,2018-04-27T23:30:42.000Z
502,-0.03,0.01,1.02,68.652,-7.333761667,112.73048,2.864,2018-04-27T23:30:43.000Z
503,-0.03,-0.0,0.99,68.652,-7.333761667,112.73048,2.864,2018-04-27T23:30:43.000Z
504,-0.03,0.01,0.97,68.598,-7.333931667,112.730455,2.864,2018-04-27T23:30:44.000Z
505,-0.01,0.0,1.0,68.598,-7.333931667,112.730455,2.864,2018-04-27T23:30:44.000Z
506,-0.02,0.0,0.96,68.5224,-7.334101667,112.730428333,2.864,2018-04-27T23:30:45.000Z
507,-0.04,0.0,1.08,68.5224,-7.334101667,112.730428333,2.864,2018-04-27T23:30:45.000Z
508,-0.02,-0.01,1.08,68.4864,-7.33427,112.730401667,2.864,2018-04-27T23:30:46.000Z
509,-0.03,-0.01,1.03,68.4864,-7.33427,112.730401667,2.864,2018-04-27T23:30:46.000Z
510,0.03,0.0,1.0,68.2272,-7.334438333,112.730375,2.864,2018-04-27T23:30:47.000Z
511,-0.03,-0.01,1.02,68.2272,-7.334438333,112.730375,2.864,2018-04-27T23:30:47.000Z
512,-0.05,0.0,0.98,68.1912,-7.334605,112.730345,2.864,2018-04-27T23:30:48.000Z
513,-0.02,0.0,0.98,68.1912,-7.334605,112.730345,2.864,2018-04-27T23:30:48.000Z
514,-0.01,0.0,0.99,68.2848,-7.334773333,112.730315,2.864,2018-04-27T23:30:49.000Z
515,-0.04,-0.02,1.0,68.2848,-7.334773333,112.730315,2.864,2018-04-27T23:30:49.000Z
516,-0.02,0.01,1.02,68.2272,-7.334941667,112.730286667,2.864,2018-04-27T23:30:50.000Z
517,-0.01,-0.0,0.94,68.2272,-7.334941667,112.730286667,2.864,2018-04-27T23:30:50.000Z
518,0.01,-0.01,1.05,68.2848,-7.335113333,112.73027,2.864,2018-04-27T23:30:51.000Z
519,0.03,0.0,1.02,68.2848,-7.335113333,112.73027,2.864,2018-04-27T23:30:51.000Z
520,-0.02,-0.02,1.01,68.1732,-7.335281667,112.730245,2.864,2018-04-27T23:30:52.000Z
521,-0.02,0.01,0.96,67.968,-7.33545,112.730216667,2.864,2018-04-27T23:30:53.000Z
522,-0.01,0.01,0.98,67.968,-7.33545,112.730216667,2.864,2018-04-27T23:30:53.000Z
523,-0.03,-0.0,0.98,68.0436,-7.33562,112.730188333,2.864,2018-04-27T23:30:54.000Z
524,-0.03,0.02,1.0,68.0436,-7.33562,112.730188333,2.864,2018-04-27T23:30:54.000Z
525,-0.03,-0.0,0.98,68.3928,-7.335788333,112.73016,2.864,2018-04-27T23:30:55.000Z
526,-0.04,-0.02,1.01,68.3928,-7.335788333,112.73016,2.864,2018-04-27T23:30:55.000Z
527,-0.03,-0.0,0.93,68.3028,-7.335958333,112.730136667,2.864,2018-04-27T23:30:56.000Z
528,-0.0,0.01,1.02,68.3028,-7.335958333,112.730136667,2.864,2018-04-27T23:30:56.000Z
529,-0.04,-0.01,1.04,68.3028,-7.335958333,112.730136667,2.864,2018-04-27T23:30:56.000Z
530,-0.03,0.01,1.03,68.1912,-7.336126667,112.73011,2.864,2018-04-27T23:30:57.000Z
531,-0.01,0.0,0.99,68.2452,-7.336295,112.730081667,2.864,2018-04-27T23:30:58.000Z
532,-0.03,0.0,1.03,68.2452,-7.336295,112.730081667,2.864,2018-04-27T23:30:58.000Z
533,-0.01,-0.01,0.92,67.1148,-7.33646,112.730053333,2.864,2018-04-27T23:30:59.000Z
534,-0.03,-0.0,0.9,67.1148,-7.33646,112.730053333,2.864,2018-04-27T23:30:59.000Z
535,-0.02,0.01,0.9,67.0068,-7.336626667,112.730026667,2.864,2018-04-27T23:31:00.000Z
536,-0.01,-0.02,0.98,67.0068,-7.336626667,112.730026667,2.864,2018-04-27T23:31:00.000Z
537,-0.02,-0.04,1.04,66.8952,-7.336791667,112.73,2.864,2018-04-27T23:31:01.000Z