106,0.83,0.48,-0.76,8.37,-7.284245,112.79278
107,0.71,0.19,-0.6,7.3908,-7.284256667,112.792798333
108,0.7,0.4,-0.7,6.1668,-7.284261667,112.792815
109,0.38,0.25,-0.64,6.426,-7.284256667,112.792826667
110,0.5,0.38,-0.59,7.4988,-7.284253333,112.792841667
111,0.44,0.45,-0.62,8.4456,-7.284251667,112.792861667
112,0.3,0.4,-0.7,8.334,-7.284251667,112.79288
113,0.76,0.57,-0.72,10.0008,-7.284251667,112.792901667
114,0.58,0.38,-0.71,10.0008,-7.284251667,112.792901667
115,0.39,0.44,-0.55,12.186,-7.284255,112.79293
116,0.72,0.46,-0.64,13.5396,-7.284255,112.792963333
117,0.75,0.36,-0.6,13.5396,-7.284255,112.792963333
118,0.36,0.46,-0.66,13.5396,-7.284255,112.792963333
119,0.51,0.41,-0.66,13.3344,-7.284256667,112.792996667
120,0.75,0.41,-0.7,11.8152,-7.284255,112.793028333
121,0.66,0.45,-0.72,11.8152,-7.284255,112.793028333
122,0.56,0.51,-0.91,10.8144,-7.284248333,112.793058333
123,0.48,0.61,-0.72,9.8172,-7.284246667,112.793083333
124,0.6,0.45,-0.77,9.8172,-7.284246667,112.793083333
125,0.43,0.42,-0.62,8.4456,-7.284245,112.793103333
126,0.56,0.44,-0.69,10.7028,-7.284248333,112.793135
127,0.39,0.2,-0.54,12.3696,-7.284236667,112.793158333
128,0.37,0.4,-0.67,12.3696,-7.284236667,112.793158333
129,0.55,0.29,-0.66,11.592,-7.284228333,112.79318
130,0.46,0.26,-0.52,11.592,-7.284228333,112.79318
131,0.26,0.32,-0.55,9.5184,-7.284216667,112.793193333
132,0.46,0.38,-0.64,10.206,-7.284195,112.7932
133,0.72,0.49,-0.88,10.206,-7.284195,112.7932
134,0.54,0.41,-0.8,11.4084,-7.284173333,112.7932
135,0.54,0.51,-0.67,12.834,-7.284145,112.7932
136,0.54,0.45,-0.49,12.834,-7.284145,112.7932
137,0.27,0.38,-0.56,12.4452,-7.284118333,112.793195
138,0.85,0.41,-0.96,12.87,-7.28409,112.793186667
139,0.38,0.41,-0.69,12.87,-7.28409,112.793186667
140,0.58,0.6,-0.93,14.8716,-7.284055,112.793183333
141,0.32,0.43,-0.6,14.8716,-7.284055,112.793183333
142,0.23,0.3,-0.52,14.8716,-7.284055,112.793183333
143,0.16,0.38,-0.45,16.038,-7.284018333,112.79318
144,0.53,0.54,-0.54,16.02,-7.283978333,112.79318
145,0.9,0.43,-0.71,16.02,-7.283978333,112.79318
146,0.79,0.38,-0.49,16.614,-7.283936667,112.793176667
147,0.59,0.39,-0.69,16.614,-7.283936667,112.793176667
148,0.17,0.5,-0.68,16.614,-7.283936667,112.793176667
149,0.34,0.53,-0.83,16.8912,-7.283893333,112.793178333
150,0.72,0.46,-0.74,16.8912,-7.283893333,112.793178333
151,0.74,0.46,-0.64,16.7796,-7.28385,112.793176667
152,0.82,0.37,-0.42,16.7796,-7.28385,112.793176667
153,0.48,0.46,-0.62,16.7796,-7.28385,112.793176667
154,0.86,0.31,-0.49,17.928,-7.283801667,112.793175
155,0.34,0.26,-0.43,17.928,-7.283801667,112.793175
156,0.37,0.46,-0.54,16.8156,-7.283745,112.793166667
157,0.53,0.29,-0.53,16.8156,-7.283745,112.793166667
158,0.75,0.41,-0.62,14.9076,-7.2837,112.793158333
159,0.46,0.43,-0.72,14.9076,-7.2837,112.793158333
160,1.16,0.54,-0.94,14.9472,-7.283655,112.793148333
161,0.87,0.46,-0.37,14.9472,-7.283655,112.793148333
162,0.55,0.32,-0.39,15.984,-7.283588333,112.793143333
163,0.4,0.44,-0.61,15.984,-7.283588333,112.793143333
164,0.86,0.62,-0.78,15.984,-7.283588333,112.793143333
165,-0.1,0.28,-0.62,16.7976,-7.283528333,112.793126667
166,0.21,0.36,-0.52,16.7976,-7.283528333,112.793126667
167,0.77,0.36,-0.67,18.3708,-7.283483333,112.793103333
168,0.53,0.45,-0.54,18.3708,-7.283483333,112.793103333
169,0.28,0.36,-0.43,17.8344,-7.283445,112.793071667
170,0.86,0.41,-0.57,17.8344,-7.283445,112.793071667
171,0.14,0.51,-0.75,17.8344,-7.283445,112.793071667
172,0.17,0.35,-0.48,17.7624,-7.283413333,112.793036667
173,0.48,0.43,-0.72,17.7624,-7.283413333,112.793036667
174,0.5,0.37,-0.39,16.2612,-7.283398333,112.793
175,0.61,0.47,-0.68,16.2612,-7.283398333,112.793
176,0.71,0.41,-0.52,16.2612,-7.283398333,112.793
177,0.78,0.48,-0.64,15.0372,-7.28339,112.792965
178,0.31,0.53,-0.6,15.0372,-7.28339,112.792965
179,0.57,0.69,-0.93,16.1136,-7.28338,112.792926667
180,0.63,0.41,-0.54,16.1136,-7.28338,112.792926667
181,0.14,0.3,-0.67,17.4456,-7.28337,112.792883333
182,0.36,0.34,-0.38,17.4456,-7.28337,112.792883333
183,0.69,0.38,-0.7,19.9476,-7.28336,112.792833333
184,0.7,0.3,-0.32,19.9476,-7.28336,112.792833333
185,0.91,0.58,-0.95,19.9476,-7.28336,112.792833333
186,0.33,0.32,-0.47,21.3552,-7.283346667,112.792773333
187,0.46,0.41,-0.7,21.3552,-7.283346667,112.792773333
188,0.44,0.46,-0.58,21.3552,-7.283346667,112.792773333
189,0.33,0.38,-0.68,20.2788,-7.28333,112.792728333
190,0.41,0.4,-0.51,20.2788,-7.28333,112.792728333
191,0.51,0.56,-0.9,20.2788,-7.28333,112.792728333
192,0.36,0.51,-0.77,19.926,-7.283316667,112.792676667
193,0.15,0.26,-0.47,19.926,-7.283316667,112.792676667
194,0.15,0.51,-0.67,23.022,-7.2833,112.792611667
195,0.27,0.41,-0.61,23.022,-7.2833,112.792611667
196,0.7,0.63,-0.81,23.022,-7.2833,112.792611667
197,0.63,0.51,-0.72,24.4656,-7.283288333,112.792561667
198,0.71,0.34,-0.39,24.4656,-7.283288333,112.792561667
199,0.54,0.4,-0.75,24.4656,-7.283288333,112.792561667
200,0.8,0.36,-0.41,24.4656,-7.283288333,112.792561667
201,0.77,0.4,-0.45,23.5764,-7.28327,112.792506667
202,0.42,0.36,-0.77,23.5764,-7.28327,112.792506667
203,0.51,0.32,-0.42,23.5764,-7.28327,112.792506667
204,0.63,0.46,-0.54,23.5764,-7.28327,112.792506667
205,0.26,0.38,-0.74,24.0768,-7.283245,112.792445
206,1.0,0.3,-0.38,24.0768,-7.283245,112.792445
207,0.52,0.62,-0.6,25.614,-7.283208333,112.792375
208,0.81,0.45,-0.56,25.614,-7.283208333,112.792375
209,1.13,0.52,-0.4,25.614,-7.283208333,112.792375
210,0.34,0.41,-0.63,25.614,-7.283208333,112.792375
211,0.93,0.54,-0.55,22.8924,-7.283165,112.792335
212,0.48,0.54,-0.55,22.8924,-7.283165,112.792335
213,0.69,0.62,-0.74,22.8924,-7.283165,112.792335
214,0.85,0.6,-1.03,22.2228,-7.283113333,112.792311667
215,0.09,0.4,-0.57,22.2228,-7.283113333,112.792311667
216,0.75,0.53,-0.77,22.2228,-7.283113333,112.792311667
217,0.18,0.45,-0.82,22.6872,-7.283058333,112.792295
218,0.65,0.5,-0.55,22.6872,-7.283058333,112.792295
219,0.63,0.36,-0.44,22.6872,-7.283058333,112.792295
220,0.26,0.38,-0.25,22.6872,-7.283058333,112.792295
221,0.94,0.4,-0.45,21.8736,-7.282996667,112.792275
222,0.91,0.31,-0.93,21.8736,-7.282996667,112.792275
223,0.48,0.42,-0.49,21.9636,-7.282938333,112.792276667
224,1.01,0.4,-0.54,21.9636,-7.282938333,112.792276667
225,0.42,0.36,-0.68,21.9636,-7.282938333,112.792276667
226,0.18,0.34,-0.51,21.9636,-7.282938333,112.792276667
227,0.41,0.43,-0.68,22.7988,-7.28288,112.792281667
228,0.3,0.26,-0.38,22.7988,-7.28288,112.792281667
229,0.81,0.49,-0.52,22.7988,-7.28288,112.792281667
230,1.33,0.66,-0.7,21.096,-7.28283,112.792295
231,0.24,0.38,-0.57,21.096,-7.28283,112.792295
232,0.38,0.47,-0.67,21.096,-7.28283,112.792295
233,0.45,0.31,-0.56,21.852,-7.282776667,112.79231
234,0.44,0.45,-0.67,21.852,-7.282776667,112.79231
235,0.93,0.51,-0.93,21.852,-7.282776667,112.79231
236,0.48,0.41,-0.76,22.7412,-7.282721667,112.792325
237,0.23,0.48,-0.34,22.7412,-7.282721667,112.792325
238,0.79,0.59,-0.71,22.7412,-7.282721667,112.792325
239,0.42,0.43,-0.58,22.7628,-7.282665,112.792336667
240,0.74,0.55,-0.8,22.7628,-7.282665,112.792336667
241,0.16,0.45,-0.31,22.7628,-7.282665,112.792336667
242,1.34,0.35,-0.37,22.392,-7.28261,112.792351667
243,0.49,0.46,-0.92,22.392,-7.28261,112.792351667
244,0.12,0.45,-0.45,22.392,-7.28261,112.792351667
245,0.83,0.51,-0.65,22.428,-7.282555,112.792365
246,0.42,0.41,-0.56,22.428,-7.282555,112.792365
247,0.9,0.28,-0.33,22.428,-7.282555,112.792365
248,0.44,0.45,-0.72,22.5576,-7.282498333,112.792383333
249,1.17,0.3,-0.79,22.5576,-7.282498333,112.792383333
250,0.41,0.43,-0.69,22.5576,-7.282498333,112.792383333
251,1.18,0.35,-0.89,22.5576,-7.282498333,112.792383333
252,0.21,0.45,-0.37,21.9816,-7.282445,112.7924
253,0.67,0.74,-1.23,21.9816,-7.282445,112.7924
254,0.11,0.23,-0.35,19.3536,-7.28241,112.792406667
255,1.13,0.23,-0.35,19.3536,-7.28241,112.792406667
256,1.35,0.6,-1.02,19.3536,-7.28241,112.792406667
257,0.81,0.56,-0.71,17.6688,-7.282366667,112.792418333
258,0.67,0.45,-0.83,17.6688,-7.282366667,112.792418333
259,1.13,0.65,-1.22,17.262,-7.28232,112.792425
260,1.02,0.77,-1.06,17.262,-7.28232,112.792425
261,0.22,0.54,-0.84,17.262,-7.28232,112.792425
262,0.26,0.48,-0.4,18.3708,-7.282271667,112.792441667
263,0.39,0.5,-0.56,18.3708,-7.282271667,112.792441667
264,0.38,0.53,-0.89,18.3708,-7.282271667,112.792441667
265,-0.09,0.51,-0.41,19.836,-7.282213333,112.792458333
266,1.04,0.32,-0.53,19.836,-7.282213333,112.792458333
267,0.53,0.31,-0.24,21.9636,-7.282145,112.792465
268,1.15,0.5,-0.24,21.9636,-7.282145,112.792465
269,0.13,0.24,-0.37,21.9636,-7.282145,112.792465
270,1.07,0.49,-0.39,23.022,-7.282075,112.792475
271,0.92,0.69,-0.76,23.022,-7.282075,112.792475
272,0.72,0.51,-0.64,23.022,-7.282075,112.792475
273,0.46,0.52,-0.67,25.7616,-7.281995,112.79247
274,0.62,0.41,-0.54,25.7616,-7.281995,112.79247
275,0.76,0.43,-0.71,25.7616,-7.281995,112.79247
276,0.24,0.41,-0.12,24.9084,-7.281923333,112.792471667
277,0.36,0.3,-0.18,24.9084,-7.281923333,112.792471667
278,0.38,0.62,-0.45,24.9084,-7.281923333,112.792471667
279,0.74,0.38,-0.56,24.9084,-7.281923333,112.792471667
280,0.74,0.53,-1.25,24.9084,-7.281923333,112.792471667
281,0.8,0.27,-0.29,23.4108,-7.281863333,112.792476667
282,1.07,0.43,-0.58,23.4108,-7.281863333,112.792476667
283,0.75,0.25,-0.12,21.762,-7.281806667,112.792475
284,0.96,0.19,-0.46,21.762,-7.281806667,112.792475
285,0.39,0.56,-0.69,21.762,-7.281806667,112.792475
286,0.32,0.58,-1.05,20.2428,-7.281756667,112.792485
287,0.33,0.38,-0.54,20.2428,-7.281756667,112.792485
288,1.29,0.34,-0.35,20.2428,-7.281756667,112.792485
289,-0.0,0.29,-0.48,19.0584,-7.281708333,112.792493333
290,0.75,0.44,-0.81,19.0584,-7.281708333,112.792493333
291,0.64,0.34,-0.69,19.0584,-7.281708333,112.792493333
292,0.14,0.56,-0.7,18.54,-7.281651667,112.792486667
293,0.05,0.54,-0.89,18.54,-7.281651667,112.792486667
294,0.77,0.34,-0.86,18.54,-7.281651667,112.792486667
295,0.72,0.59,-0.8,19.5012,-7.281598333,112.792486667
296,0.61,0.3,-0.57,19.5012,-7.281598333,112.792486667
297,0.94,0.42,-0.5,22.1112,-7.281538333,112.792483333
298,0.94,0.4,-0.35,22.1112,-7.281538333,112.792483333
299,0.34,0.42,-0.52,22.1112,-7.281538333,112.792483333
300,0.42,0.54,-0.49,23.04,-7.281483333,112.792465
301,0.46,0.4,-0.45,23.04,-7.281483333,112.792465
302,0.65,0.45,-0.36,23.04,-7.281483333,112.792465
303,0.33,0.5,-0.48,23.9652,-7.281428333,112.79244
304,0.83,0.46,-0.45,23.9652,-7.281428333,112.79244
305,0.4,0.46,-0.64,23.9652,-7.281428333,112.79244
306,0.55,0.25,-0.62,23.9652,-7.281428333,112.79244
307,0.7,0.35,-0.68,23.9832,-7.281375,112.792413333
308,0.84,0.58,-0.76,23.9832,-7.281375,112.792413333
309,0.51,0.4,-0.59,23.9832,-7.281375,112.792413333
310,0.8,0.4,-0.34,23.9832,-7.281375,112.792413333
311,0.63,0.6,-0.78,24.5196,-7.281325,112.792381667
312,0.5,0.4,-0.45,24.5196,-7.281325,112.792381667
313,0.47,0.58,-0.52,23.5944,-7.281276667,112.792351667
314,0.91,0.4,-0.6,23.5944,-7.281276667,112.792351667
315,0.34,0.44,-0.74,23.5944,-7.281276667,112.792351667
316,0.67,0.63,-0.87,22.2624,-7.281231667,112.79232
317,1.25,0.55,-0.9,22.2624,-7.281231667,112.79232
318,0.14,0.26,-0.41,22.2624,-7.281231667,112.79232
319,0.85,0.44,-0.7,22.2624,-7.281231667,112.79232
320,0.69,0.36,-0.43,22.3704,-7.281186667,112.792288333
321,0.79,0.56,-0.84,22.3704,-7.281186667,112.792288333
322,0.34,0.45,-0.64,23.6484,-7.281136667,112.792253333
323,0.0,0.46,-0.64,23.6484,-7.281136667,112.792253333
324,0.68,0.51,-0.93,23.6484,-7.281136667,112.792253333
325,0.13,0.49,-0.7,23.6484,-7.281136667,112.792253333
326,0.75,0.56,-0.36,23.6484,-7.281136667,112.792253333
327,0.41,0.54,-0.48,25.0956,-7.281083333,112.792215
328,0.39,0.39,-0.53,25.0956,-7.281083333,112.792215
329,1.18,0.66,-1.03,27.2808,-7.281026667,112.792175
330,0.39,0.4,-0.52,27.2808,-7.281026667,112.792175
331,0.82,0.64,-0.8,27.2808,-7.281026667,112.792175
332,0.53,0.43,-1.13,27.2808,-7.281026667,112.792175
333,0.63,0.33,-0.75,28.3356,-7.28097,112.792128333
334,0.84,0.4,-0.77,28.3356,-7.28097,112.792128333
335,0.33,0.54,-0.76,28.3356,-7.28097,112.792128333
336,0.11,0.26,-0.37,28.3356,-7.28097,112.792128333
337,0.97,0.5,-0.63,28.4652,-7.280915,112.792088333
338,0.52,0.65,-0.83,28.4652,-7.280915,112.792088333
339,0.1,0.3,-0.44,28.4652,-7.280915,112.792088333
340,0.91,0.37,-0.41,28.4652,-7.280915,112.792088333
341,0.42,0.59,-0.57,28.1124,-7.280861667,112.792048333
342,1.03,0.31,-0.29,28.1124,-7.280861667,112.792048333
343,0.38,0.48,-0.97,28.1124,-7.280861667,112.792048333
344,0.71,0.38,-0.39,28.1124,-7.280861667,112.792048333
345,0.22,0.63,-0.47,29.1888,-7.280805,112.792003333
346,0.56,0.43,-0.38,29.1888,-7.280805,112.792003333
347,0.93,0.42,-0.39,29.1888,-7.280805,112.792003333
348,0.26,0.46,-0.57,30.9852,-7.280741667,112.791955
349,0.05,0.36,-0.56,30.9852,-7.280741667,112.791955
350,0.99,0.58,-0.91,30.9852,-7.280741667,112.791955
351,0.51,0.27,-0.18,30.9852,-7.280741667,112.791955
352,0.41,0.18,-0.51,30.9852,-7.280741667,112.791955
353,0.42,0.47,-0.49,31.5576,-7.280681667,112.791906667
354,0.14,0.31,-0.43,31.5576,-7.280681667,112.791906667
355,0.96,0.63,-0.98,31.5576,-7.280681667,112.791906667
356,0.93,0.52,-0.62,31.5576,-7.280681667,112.791906667
357,0.61,0.37,-0.14,30.2976,-7.280626667,112.791858333
358,0.67,0.54,-0.56,30.2976,-7.280626667,112.791858333
359,0.85,0.49,-0.81,30.2976,-7.280626667,112.791858333
360,0.87,0.32,-0.41,30.2976,-7.280626667,112.791858333
361,0.6,0.51,-0.82,29.2788,-7.280571667,112.79181
362,0.46,0.21,-0.46,29.2788,-7.280571667,112.79181
363,0.92,0.56,-0.8,29.2788,-7.280571667,112.79181
364,0.62,0.44,-0.7,29.2788,-7.280571667,112.79181
365,0.59,0.67,-0.75,29.2788,-7.280571667,112.79181
366,0.62,0.48,-0.38,29.2788,-7.280571667,112.79181
367,0.65,0.44,-0.7,28.6884,-7.280518333,112.79176
368,1.13,0.46,-0.47,28.6884,-7.280518333,112.79176
369,0.65,0.43,-0.56,29.2608,-7.280465,112.79171
370,0.63,0.3,-0.25,29.2608,-7.280465,112.79171
371,0.72,0.36,-0.29,29.2608,-7.280465,112.79171
372,0.13,0.33,-0.6,29.2608,-7.280465,112.79171
373,0.31,0.48,-0.78,27.2232,-7.280415,112.791666667
374,0.78,0.57,-0.9,27.2232,-7.280415,112.791666667
375,1.14,0.56,-0.58,27.2232,-7.280415,112.791666667
376,0.31,0.37,-0.31,27.2232,-7.280415,112.791666667
377,0.48,0.58,-0.93,25.2612,-7.280371667,112.791626667
378,0.3,0.44,-0.49,25.2612,-7.280371667,112.791626667
379,0.73,0.49,-0.79,25.2612,-7.280371667,112.791626667
380,0.57,0.4,-0.52,25.2612,-7.280371667,112.791626667
381,0.3,0.37,-0.64,25.2252,-7.280338333,112.791583333
382,0.77,0.46,-0.64,25.2252,-7.280338333,112.791583333
383,0.23,0.34,-0.59,25.2252,-7.280338333,112.791583333
384,0.72,0.68,-1.09,25.2252,-7.280338333,112.791583333
385,1.04,0.43,-0.55,23.0004,-7.2803,112.791546667
386,0.95,0.65,-1.0,23.0004,-7.2803,112.791546667
387,-0.0,0.63,-0.64,23.0004,-7.2803,112.791546667
388,0.55,0.55,-0.53,23.058,-7.280261667,112.791501667
389,1.0,0.41,-0.47,23.058,-7.280261667,112.791501667
390,0.22,0.44,-0.56,23.058,-7.280261667,112.791501667
391,0.49,0.4,-0.58,23.9832,-7.280221667,112.791458333
392,0.31,0.38,-0.5,23.9832,-7.280221667,112.791458333
393,0.1,0.39,-0.61,23.9832,-7.280221667,112.791458333
394,0.74,0.53,-1.09,22.6332,-7.280181667,112.791418333
395,0.83,0.48,-0.59,22.6332,-7.280181667,112.791418333
396,0.55,0.36,-0.42,22.6332,-7.280181667,112.791418333
397,0.32,0.44,-0.61,20.6496,-7.280151667,112.791381667
398,0.8,0.48,-0.73,20.6496,-7.280151667,112.791381667
399,0.46,0.44,-0.46,20.6496,-7.280151667,112.791381667
400,0.71,0.51,-0.76,20.6496,-7.280151667,112.791381667
401,0.67,0.34,-0.53,20.6676,-7.280111667,112.791328333
402,0.72,0.41,-0.68,20.6676,-7.280111667,112.791328333
403,0.87,0.35,-0.58,19.3896,-7.28007,112.791296667
404,0.75,0.29,-0.33,19.3896,-7.28007,112.791296667
405,0.96,0.45,-0.35,19.3896,-7.28007,112.791296667
406,0.62,0.43,-0.41,16.7616,-7.28003,112.791273333
407,0.69,0.47,-0.69,16.7616,-7.28003,112.791273333
408,0.79,0.49,-0.5,13.2408,-7.279995,112.791258333
409,0.52,0.34,-0.44,13.2408,-7.279995,112.791258333
410,0.7,0.51,-0.9,6.354,-7.27997,112.791241667
411,0.69,0.43,-0.65,3.798,-7.279958333,112.791243333
412,0.37,0.3,-0.41,7.6104,-7.279955,112.79126
413,0.55,0.47,-0.8,9.6876,-7.27996,112.791286667
414,0.84,0.5,-0.69,9.6876,-7.27996,112.791286667
415,1.24,0.55,-0.47,13.1112,-7.279961667,112.791325
416,0.88,0.56,-0.56,14.166,-7.279965,112.791365
417,0.56,0.39,-0.5,14.166,-7.279965,112.791365
418,0.55,0.39,-0.68,14.9652,-7.279968333,112.791405
419,0.62,0.31,-0.66,14.9652,-7.279968333,112.791405
420,0.51,0.5,-0.68,15.8328,-7.279973333,112.791446667
421,0.48,0.5,-0.65,15.8328,-7.279973333,112.791446667
422,0.68,0.31,-0.39,16.5564,-7.279973333,112.79149
423,0.51,0.55,-0.88,16.5564,-7.279973333,112.79149
424,0.7,0.37,-0.63,16.002,-7.279976667,112.791531667
425,0.83,0.52,-0.47,16.002,-7.279976667,112.791531667
426,0.28,0.38,-0.6,16.002,-7.279976667,112.791531667
427,0.34,0.48,-0.83,16.3908,-7.27998,112.791573333
428,0.87,0.35,-0.59,16.3908,-7.27998,112.791573333
429,0.94,0.5,-0.58,16.4268,-7.279983333,112.791615
430,0.17,0.3,-0.25,16.4268,-7.279983333,112.791615
431,0.18,0.31,-0.41,17.7984,-7.279988333,112.79166
432,0.84,0.42,-0.59,17.7984,-7.279988333,112.79166
433,0.79,0.44,-0.62,18.4464,-7.279996667,112.791705
434,0.73,0.61,-0.68,18.4464,-7.279996667,112.791705
435,0.71,0.38,-0.52,18.4464,-7.279996667,112.791705
436,0.27,0.53,-0.41,17.91,-7.280008333,112.791748333
437,0.94,0.66,-0.69,17.91,-7.280008333,112.791748333
438,0.58,0.39,-0.5,17.91,-7.280008333,112.791748333
439,0.65,0.45,-0.68,16.8156,-7.28002,112.791785
440,0.94,0.53,-0.56,16.8156,-7.28002,112.791785
441,0.87,0.35,-0.4,16.7616,-7.280041667,112.791818333
442,0.77,0.56,-0.76,16.7616,-7.280041667,112.791818333
443,0.7,0.31,-0.52,16.7976,-7.280066667,112.791851667
444,0.51,0.37,-0.17,16.7976,-7.280066667,112.791851667
445,0.92,0.33,-0.52,16.3728,-7.2801,112.791881667
446,0.82,0.57,-0.44,16.3728,-7.2801,112.791881667
447,0.52,0.45,-0.68,16.3728,-7.2801,112.791881667
448,0.62,0.44,-0.51,18.8172,-7.280138333,112.791926667
449,0.72,0.29,-0.41,18.8172,-7.280138333,112.791926667
450,0.31,0.37,-0.54,18.8172,-7.280138333,112.791926667
451,0.68,0.53,-0.96,19.5012,-7.280175,112.791976667
452,0.55,0.36,-0.43,19.5012,-7.280175,112.791976667
453,0.39,0.46,-0.68,19.5372,-7.280211667,112.792011667
454,1.09,0.55,-0.84,19.5372,-7.280211667,112.792011667
455,0.72,0.65,-0.83,20.2428,-7.280253333,112.792048333
456,0.64,0.43,-0.5,20.2428,-7.280253333,112.792048333
457,0.83,0.52,-0.66,20.2428,-7.280253333,112.792048333
458,0.94,0.39,-0.27,17.946,-7.280281667,112.792076667
459,0.89,0.37,-0.6,17.946,-7.280281667,112.792076667
460,0.85,0.49,-0.41,17.946,-7.280281667,112.792076667
461,0.54,0.4,-0.45,16.722,-7.280306667,112.792116667
462,0.78,0.35,-0.47,16.722,-7.280306667,112.792116667
463,0.7,0.38,-0.44,16.722,-7.280306667,112.792116667
464,0.67,0.56,-0.68,13.9284,-7.280325,112.79214
465,0.57,0.38,-0.39,11.9088,-7.280343333,112.79218
466,0.58,0.4,-0.49,11.9088,-7.280343333,112.79218
467,0.52,0.5,-0.65,9.8352,-7.28036,112.792195
468,0.55,0.55,-0.61,9.0756,-7.280376667,112.792206667
469,0.58,0.52,-0.69,9.0756,-7.280376667,112.792206667
470,0.98,0.43,-0.66,9.1296,-7.280396667,112.79222
471,0.29,0.39,-0.64,9.1872,-7.280413333,112.792235
472,0.97,0.44,-0.72,10.296,-7.280428333,112.792258333
473,0.48,0.34,-0.49,10.296,-7.280428333,112.792258333
474,0.21,0.49,-0.59,13.518,-7.280451667,112.792285
475,0.94,0.45,-0.72,13.5756,-7.280478333,112.79231
476,0.53,0.44,-0.58,13.5756,-7.280478333,112.79231
477,0.44,0.42,-0.51,14.5008,-7.280508333,112.792341667
478,0.48,0.27,-0.43,14.5008,-7.280508333,112.792341667
479,0.55,0.41,-0.54,14.5008,-7.280508333,112.792341667
480,1.17,0.5,-0.72,15.966,-7.280538333,112.792375
481,0.51,0.54,-0.75,16.02,-7.280571667,112.792405
482,0.38,0.2,-0.31,16.02,-7.280571667,112.792405
483,0.96,0.51,-0.56,17.2404,-7.280611667,112.792443333
484,0.69,0.59,-0.87,17.2404,-7.280611667,112.792443333
485,0.79,0.36,-0.68,17.2404,-7.280611667,112.792443333
486,0.4,0.49,-0.67,17.1864,-7.280648333,112.792476667
487,0.6,0.33,-0.44,17.1864,-7.280648333,112.792476667
488,0.34,0.59,-0.48,17.7408,-7.280683333,112.792511667
489,0.91,0.4,-0.54,17.7408,-7.280683333,112.792511667
490,0.58,0.32,-0.37,17.7408,-7.280683333,112.792511667
491,0.44,0.37,-0.56,19.2996,-7.280728333,112.792543333
492,0.44,0.46,-0.68,19.2996,-7.280728333,112.792543333
493,0.15,0.34,-0.46,18.3888,-7.280773333,112.792571667
494,0.73,0.48,-0.62,18.3888,-7.280773333,112.792571667
495,0.63,0.43,-0.49,18.3888,-7.280773333,112.792571667
496,0.52,0.43,-0.51,17.964,-7.28082,112.792601667
497,0.87,0.55,-0.47,17.964,-7.28082,112.792601667
498,0.38,0.31,-0.54,18.0576,-7.28087,112.792616667
499,0.63,0.53,-0.74,18.0576,-7.28087,112.792616667
500,0.82,0.3,-0.38,18.0576,-7.28087,112.792616667
501,0.65,0.28,-0.55,18.63,-7.280923333,112.792625
502,0.47,0.49,-0.76,18.63,-7.280923333,112.792625
503,0.77,0.3,-0.7,18.63,-7.280923333,112.792625
504,0.67,0.33,-0.56,18.558,-7.280973333,112.792626667
505,0.82,0.43,-0.62,18.558,-7.280973333,112.792626667
506,0.34,0.56,-0.31,19.5192,-7.281028333,112.792626667
507,0.41,0.38,-0.64,19.5192,-7.281028333,112.792626667
508,0.36,0.33,-0.63,19.5588,-7.28108,112.79262
509,0.39,0.31,-0.38,19.5588,-7.28108,112.79262
510,0.84,0.44,-0.5,19.5588,-7.28108,112.79262
511,0.57,0.61,-0.93,18.9828,-7.281136667,112.792611667
512,0.45,0.33,-0.49,18.9828,-7.281136667,112.792611667
513,0.58,0.35,-0.3,18.9828,-7.281136667,112.792611667
514,0.83,0.46,-0.64,18.9828,-7.28119,112.792605
515,0.53,0.4,-0.59,18.9828,-7.28119,112.792605
516,0.77,0.63,-1.07,18.9828,-7.28119,112.792605
517,1.11,0.28,-0.59,17.7228,-7.281235,112.792596667
518,0.59,0.33,-0.73,17.7228,-7.281235,112.792596667
519,0.65,0.11,-0.48,14.094,-7.281273333,112.792598333
520,0.93,0.43,-0.81,14.094,-7.281273333,112.792598333
521,0.95,0.46,-0.58,12.816,-7.28131,112.792603333
522,1.18,0.54,-0.54,12.816,-7.28131,112.792603333
523,0.9,0.38,-0.41,10.3896,-7.281338333,112.792608333
524,0.56,0.4,-0.62,7.65,-7.281361667,112.792625
525,0.51,0.48,-0.92,7.65,-7.281361667,112.792625
526,0.31,0.59,-0.77,8.6688,-7.28139,112.792661667
527,0.6,0.45,-0.62,10.4436,-7.281408333,112.7927
528,0.13,0.37,-0.68,14.166,-7.281418333,112.79275
529,0.68,0.48,-0.93,14.166,-7.281418333,112.79275
530,0.05,0.34,-0.52,15.1848,-7.281426667,112.792796667
531,0.48,0.37,-0.39,15.1848,-7.281426667,112.792796667
532,0.52,0.38,-0.73,14.0004,-7.281436667,112.792835
533,0.4,0.34,-0.57,14.0004,-7.281436667,112.792835
534,0.99,0.51,-0.72,15.6312,-7.28144,112.792883333
535,0.75,0.54,-0.83,15.6312,-7.28144,112.792883333
536,0.37,0.44,-0.44,15.6492,-7.281448333,112.792926667
537,0.17,0.49,-0.5,15.6492,-7.281448333,112.792926667
538,0.99,0.38,-0.5,18.9072,-7.28146,112.793015
539,0.52,0.38,-0.53,18.9072,-7.28146,112.793015
540,0.56,0.6,-0.73,17.6688,-7.281475,112.793065
541,0.35,0.52,-0.66,17.6688,-7.281475,112.793065
542,0.71,0.45,-0.66,17.6688,-7.281475,112.793065
543,0.44,0.5,-0.62,18.0936,-7.28149,112.793115
544,0.65,0.56,-0.77,18.0936,-7.28149,112.793115
545,0.35,0.54,-0.47,18.0936,-7.28149,112.793115
546,0.69,0.52,-0.9,19.5768,-7.281508333,112.793186667
547,0.74,0.56,-0.75,19.5768,-7.281508333,112.793186667
548,0.68,0.63,-0.73,20.3364,-7.28154,112.793226667
549,0.32,0.41,-0.58,20.3364,-7.28154,112.793226667
550,0.54,0.42,-0.52,20.3364,-7.28154,112.793226667
551,0.75,0.35,-0.27,19.5588,-7.281573333,112.793263333
552,0.27,0.48,-0.71,19.5588,-7.281573333,112.793263333
553,0.71,0.49,-0.83,19.4292,-7.281603333,112.793315
554,0.67,0.53,-0.95,19.4292,-7.281603333,112.793315
555,1.01,0.58,-0.57,19.4292,-7.281603333,112.793315
556,0.08,0.42,-0.23,18.7416,-7.281633333,112.793353333
557,1.3,0.48,-0.6,18.7416,-7.281633333,112.793353333
558,0.6,0.32,-0.57,18.7416,-7.281633333,112.793353333
559,0.26,0.43,-0.63,19.1484,-7.281665,112.793395
560,0.59,0.35,-0.27,19.1484,-7.281665,112.793395
561,1.3,0.4,-0.79,18.63,-7.281696667,112.79343
562,0.57,0.36,-0.45,18.63,-7.281696667,112.79343
563,0.5,0.43,-0.53,18.63,-7.281696667,112.79343
564,0.7,0.3,-0.36,19.206,-7.28173,112.793461667
565,0.34,0.58,-0.78,19.206,-7.28173,112.793461667
566,0.27,0.4,-0.29,19.206,-7.28173,112.793461667
567,0.57,0.45,-0.56,18.9288,-7.281768333,112.79349
568,0.74,0.45,-0.71,18.9288,-7.281768333,112.79349
569,0.76,0.29,-0.33,19.0188,-7.281805,112.793526667
570,0.8,0.4,-0.38,19.0188,-7.281805,112.793526667
571,0.9,0.87,-1.04,19.0188,-7.281805,112.793526667
572,0.88,0.61,-0.62,19.3716,-7.281846667,112.79356
573,0.41,0.48,-0.56,19.3716,-7.281846667,112.79356
574,0.51,0.5,-0.87,19.4076,-7.281886667,112.793595
575,0.1,0.32,-0.36,19.4076,-7.281886667,112.793595
576,0.92,0.29,-0.5,19.4076,-7.281886667,112.793595
577,0.75,0.5,-0.5,20.2968,-7.281925,112.79364
578,0.96,0.58,-0.61,20.2968,-7.281925,112.79364
579,0.08,0.43,-0.28,20.2968,-7.281925,112.79364
580,0.56,0.38,-0.59,20.9448,-7.281965,112.79369
581,0.59,0.44,-0.41,20.9448,-7.281965,112.79369
582,0.5,0.44,-0.48,20.9448,-7.281965,112.79369
583,0.74,0.53,-0.51,22.7808,-7.282011667,112.793741667
584,0.6,0.34,-0.51,22.7808,-7.282011667,112.793741667
585,0.91,0.25,-0.25,22.7808,-7.282011667,112.793741667
586,0.6,0.33,-0.63,22.7808,-7.282011667,112.793741667
587,0.48,0.52,-0.63,21.3912,-7.282056667,112.79379
588,0.57,0.56,-0.63,21.3912,-7.282056667,112.79379
589,0.7,0.5,-0.66,21.0384,-7.282116667,112.793823333
590,1.26,0.56,-0.62,21.0384,-7.282116667,112.793823333
591,0.26,0.6,-0.93,21.0384,-7.282116667,112.793823333
592,0.65,0.35,-0.53,20.0772,-7.282183333,112.79387
593,0.39,0.44,-0.49,20.0772,-7.282183333,112.79387
594,0.58,0.5,-0.4,20.0772,-7.282183333,112.79387
595,0.47,0.62,-0.68,19.0368,-7.282231667,112.793878333
596,0.54,0.39,-0.37,19.0368,-7.282231667,112.793878333
597,0.47,0.51,-0.57,17.7804,-7.282273333,112.793866667
598,0.51,0.41,-0.42,17.7804,-7.282273333,112.793866667
599,0.77,0.52,-0.84,17.7804,-7.282273333,112.793866667
600,0.69,0.41,-0.47,18.2592,-7.282316667,112.793843333
601,0.65,0.56,-0.7,18.2592,-7.282316667,112.793843333
602,0.52,0.43,-0.58,20.1672,-7.28236,112.793808333
603,0.47,0.6,-0.68,20.1672,-7.28236,112.793808333
604,0.77,0.55,-0.17,20.1672,-7.28236,112.793808333
605,0.72,0.41,-0.48,20.6316,-7.282396667,112.793766667
606,0.23,0.45,-0.6,20.6316,-7.282396667,112.793766667
607,0.48,0.42,-0.66,20.6316,-7.282396667,112.793766667
608,0.87,0.55,-0.89,22.428,-7.282436667,112.793723333
609,0.23,0.31,-0.54,22.428,-7.282436667,112.793723333
610,0.45,0.71,-0.74,22.428,-7.282436667,112.793723333
611,0.7,0.48,-0.68,22.8348,-7.282478333,112.793683333
612,0.32,0.45,-0.57,22.8348,-7.282478333,112.793683333
613,0.67,0.38,-0.48,22.8348,-7.282478333,112.793683333
614,0.68,0.26,-0.42,22.8348,-7.282478333,112.793683333
615,0.32,0.35,-0.57,23.3532,-7.282518333,112.793638333
616,0.53,0.46,-0.62,23.3532,-7.282518333,112.793638333
617,0.66,0.39,-0.45,23.2056,-7.282558333,112.793591667
618,0.51,0.56,-0.67,23.2056,-7.282558333,112.793591667
619,0.71,0.54,-0.56,23.2056,-7.282558333,112.793591667
620,0.79,0.38,-0.41,23.2056,-7.2826,112.793546667
621,0.48,0.41,-0.5,23.2056,-7.2826,112.793546667
622,0.17,0.38,-0.47,23.2056,-7.2826,112.793546667
623,1.01,0.41,-0.66,22.7232,-7.282641667,112.793505
624,0.55,0.47,-0.46,22.7232,-7.282641667,112.793505
625,0.89,0.53,-0.76,22.7232,-7.282641667,112.793505
626,0.96,0.5,-0.73,22.7232,-7.282641667,112.793505
627,0.58,0.38,-0.72,22.1688,-7.282685,112.793465
628,-0.05,0.41,-0.37,22.1688,-7.282685,112.793465
629,0.16,0.44,-0.65,22.1688,-7.282685,112.793465
630,0.47,0.49,-0.62,22.1688,-7.282685,112.793465
631,0.37,0.64,-1.12,22.5576,-7.282725,112.793423333
632,0.91,0.31,-0.43,22.5576,-7.282725,112.793423333
633,0.37,0.38,-0.41,22.8528,-7.282766667,112.793383333
634,0.61,0.41,-0.76,22.8528,-7.282766667,112.793383333
635,0.32,0.33,-0.43,22.8528,-7.282766667,112.793383333
636,0.86,0.49,-0.98,23.1876,-7.282806667,112.793343333
637,0.66,0.46,-0.52,23.1876,-7.282806667,112.793343333
638,0.12,0.4,-0.8,23.1876,-7.282806667,112.793343333
639,0.12,0.35,-0.26,22.7988,-7.282843333,112.7933
640,1.04,0.24,-0.49,22.7988,-7.282843333,112.7933
641,0.7,0.27,-0.05,22.7988,-7.282843333,112.7933
642,0.38,0.35,-0.39,22.2408,-7.282878333,112.793256667
643,1.0,0.43,-0.44,22.2408,-7.282878333,112.793256667
644,0.94,0.61,-0.86,22.2408,-7.282878333,112.793256667
645,0.34,0.3,-0.33,22.2408,-7.282878333,112.793256667
646,0.56,0.19,-0.6,20.7432,-7.282911667,112.79322
647,0.81,0.52,-0.41,20.7432,-7.282911667,112.79322
648,0.13,0.2,-0.45,18.0,-7.282943333,112.79319
649,1.11,0.33,-0.58,18.0,-7.282943333,112.79319
650,0.38,0.19,-0.43,18.0,-7.282943333,112.79319
651,0.68,0.2,-0.36,16.002,-7.28296,112.793186667
652,0.56,0.51,-0.51,16.002,-7.28296,112.793186667
653,1.26,0.48,-0.82,16.1316,-7.282991667,112.793166667
654,0.54,0.38,-0.47,16.1316,-7.282991667,112.793166667
655,1.1,0.48,-0.65,15.3144,-7.283028333,112.793151667
656,1.14,0.48,-0.48,15.3144,-7.283028333,112.793151667
657,0.42,0.41,-0.46,15.3144,-7.283028333,112.793151667
658,1.04,0.36,-0.45,14.5764,-7.283066667,112.793141667
659,0.72,0.53,-0.51,16.668,-7.283111667,112.793135
660,0.66,0.31,-0.49,16.668,-7.283111667,112.793135
661,1.12,0.63,-1.01,16.668,-7.283111667,112.793135
662,0.46,0.33,-0.42,17.982,-7.283163333,112.793131667
663,1.23,0.29,-0.27,17.982,-7.283163333,112.793131667
664,0.58,0.5,-0.54,18.0,-7.28321,112.793125
665,1.48,0.51,-0.59,18.0,-7.28321,112.793125
666,0.44,0.46,-0.33,18.0,-7.28321,112.793125
667,0.34,0.41,-0.5,19.1304,-7.283266667,112.793125
668,0.44,0.5,-0.92,19.1304,-7.283266667,112.793125
669,0.74,0.46,-0.54,19.1304,-7.283266667,112.793125
670,0.82,0.55,-0.72,18.7596,-7.28332,112.793125
671,0.53,0.41,-0.46,18.7596,-7.28332,112.793125
672,0.22,0.4,-0.54,18.6696,-7.283373333,112.79313
673,0.65,0.28,-0.63,18.6696,-7.283373333,112.79313
674,0.56,0.63,-0.8,18.6696,-7.283373333,112.79313
675,0.37,0.4,-0.21,18.6696,-7.283428333,112.793138333
676,0.45,0.62,-0.71,18.6696,-7.283428333,112.793138333
677,0.82,0.43,-0.49,19.9476,-7.283488333,112.793148333
678,0.39,0.56,-0.75,19.9476,-7.283488333,112.793148333
679,0.65,0.42,-0.35,19.9476,-7.283488333,112.793148333
680,0.84,0.63,-0.55,20.4084,-7.283543333,112.793156667
681,0.62,0.48,-1.0,20.4084,-7.283543333,112.793156667
682,0.77,0.6,-0.67,20.4084,-7.283543333,112.793156667
683,1.11,0.38,-0.35,20.4084,-7.283543333,112.793156667
684,0.71,0.47,-0.85,19.6884,-7.283596667,112.793165
685,0.75,0.35,-0.36,20.2968,-7.283651667,112.793173333
686,1.23,0.4,-0.21,20.2968,-7.283651667,112.793173333
687,0.56,0.3,-0.47,20.2968,-7.283651667,112.793173333
688,0.5,0.34,-0.87,20.3364,-7.283705,112.793176667
689,1.39,0.3,-0.48,20.3364,-7.283705,112.793176667
690,0.84,0.35,-0.6,20.3364,-7.283705,112.793176667
691,-0.07,0.57,-0.89,20.3544,-7.28376,112.79318
692,-0.04,0.39,-0.19,20.3544,-7.28376,112.79318
693,0.23,0.53,-0.48,20.3544,-7.28376,112.79318
694,0.88,0.48,-0.63,21.0744,-7.283821667,112.793178333
695,0.72,0.43,-0.47,21.0744,-7.283821667,112.793178333
696,0.75,0.38,-0.66,21.0744,-7.283821667,112.793178333
697,0.52,0.3,-0.31,21.0744,-7.283821667,112.793178333
698,0.53,0.43,-0.64,21.114,-7.28388,112.793176667
699,0.65,0.4,-0.25,21.114,-7.28388,112.793176667
700,0.54,0.59,-0.47,21.0744,-7.28394,112.793176667
701,0.39,0.37,-0.72,21.0744,-7.28394,112.793176667
702,1.09,0.73,-1.06,21.0744,-7.28394,112.793176667
703,0.82,0.9,-1.36,21.186,-7.284005,112.79318
704,0.81,0.57,-0.46,21.186,-7.284005,112.79318
705,0.36,0.4,-0.5,20.3148,-7.284065,112.793188333
706,0.57,0.44,-0.83,20.3148,-7.284065,112.793188333
707,0.35,0.44,-0.7,20.3148,-7.284065,112.793188333
708,0.79,0.55,-0.54,21.834,-7.284128333,112.793196667
709,0.82,0.5,-0.7,21.834,-7.284128333,112.793196667
710,0.59,0.51,-0.73,21.834,-7.284128333,112.793196667
711,0.77,0.48,-0.39,21.834,-7.284128333,112.793196667
712,0.37,0.31,-0.45,22.5576,-7.284193333,112.793208333
713,0.21,0.5,-0.78,22.5576,-7.284193333,112.793208333
714,0.54,0.46,-0.51,23.742,-7.284263333,112.793216667
715,0.77,0.44,-0.53,23.742,-7.284263333,112.793216667
716,0.86,0.23,-0.45,23.742,-7.284263333,112.793216667
717,0.49,0.4,-0.57,23.742,-7.284263333,112.793216667
718,0.6,0.36,-0.57,23.742,-7.284331667,112.793226667
719,1.03,0.39,0.05,23.742,-7.284331667,112.793226667
720,1.38,0.57,-0.56,23.742,-7.284331667,112.793226667
721,1.01,0.47,-0.53,22.9824,-7.284395,112.793231667
722,1.32,0.4,-0.62,22.9824,-7.284395,112.793231667
723,0.6,0.38,-0.56,22.9824,-7.284395,112.793231667
724,1.01,0.33,-0.32,20.8332,-7.28445,112.793236667
725,0.63,0.59,-0.64,20.8332,-7.28445,112.793236667
726,0.95,0.51,-0.78,20.8332,-7.28445,112.793236667
727,0.79,0.32,-0.5,20.8332,-7.28445,112.793236667
728,0.98,0.43,-0.58,19.278,-7.284505,112.793245
729,0.38,0.41,-0.5,19.278,-7.284505,112.793245
730,0.39,0.22,-0.14,18.3528,-7.284556667,112.793258333
731,0.54,0.27,-0.25,18.3528,-7.284556667,112.793258333
732,0.28,0.38,-0.66,18.4464,-7.284606667,112.793266667
733,0.65,0.32,-0.44,18.4464,-7.284606667,112.793266667
734,0.46,0.21,-0.28,18.4464,-7.284606667,112.793266667
735,0.65,0.36,-0.56,17.7408,-7.28466,112.793275
736,0.74,0.31,-0.36,17.7408,-7.28466,112.793275
737,0.58,0.41,-0.56,16.4088,-7.28471,112.793288333
738,0.8,0.53,-0.39,16.4088,-7.28471,112.793288333
739,0.91,0.63,-1.09,16.4088,-7.28471,112.793288333
740,0.54,0.36,-0.5,13.41,-7.284783333,112.793291667
741,0.56,0.42,-0.49,13.41,-7.284783333,112.793291667
742,0.7,0.53,-0.72,11.2788,-7.28481,112.79329
743,0.6,0.4,-0.37,9.594,-7.284848333,112.793301667
744,0.44,0.4,-0.53,9.594,-7.284848333,112.793301667
745,0.42,0.55,-0.51,9.7236,-7.284876667,112.793318333
746,0.58,0.53,-0.58,11.592,-7.284916667,112.79334
747,0.68,0.41,-0.71,11.592,-7.284916667,112.79334
748,0.51,0.54,-0.76,13.0752,-7.284968333,112.793348333
749,0.58,0.35,-0.33,14.688,-7.285013333,112.793361667
750,0.77,0.45,-0.72,14.688,-7.285013333,112.793361667
751,0.82,0.54,-0.72,16.2612,-7.285066667,112.793373333
752,0.63,0.34,-0.42,16.2612,-7.285066667,112.793373333
753,0.91,0.3,-0.36,16.2612,-7.285066667,112.793373333
754,0.6,0.34,-0.59,19.5192,-7.285141667,112.793386667
755,0.72,0.23,-0.61,19.5192,-7.285141667,112.793386667
756,0.26,0.5,-0.86,20.484,-7.2852,112.793405
757,0.39,0.56,-0.83,20.484,-7.2852,112.793405
758,1.17,0.53,-0.45,20.484,-7.2852,112.793405
759,0.12,0.23,-0.45,20.484,-7.2852,112.793405
760,0.34,0.55,-0.41,22.0572,-7.285268333,112.79342
761,0.41,0.43,-0.66,22.0572,-7.285268333,112.79342
762,0.38,0.59,-0.65,22.6332,-7.285326667,112.793431667
763,0.51,0.45,-0.25,22.6332,-7.285326667,112.793431667
764,1.19,0.34,-0.49,22.6332,-7.285326667,112.793431667
765,0.15,0.35,-0.27,22.0932,-7.285383333,112.793435
766,0.33,0.35,-0.41,22.0932,-7.285383333,112.793435
767,1.22,0.59,-0.74,22.0932,-7.285383333,112.793435
768,0.4,0.55,-0.2,22.0572,-7.28544,112.793435
769,0.64,0.33,-0.22,22.0572,-7.28544,112.793435
770,1.04,0.53,-0.68,22.0572,-7.28544,112.793435
771,0.83,0.36,-0.64,22.3704,-7.285496667,112.79344
772,0.54,0.38,-0.45,22.3704,-7.285496667,112.79344
773,0.11,0.43,-0.52,22.3704,-7.285496667,112.79344
774,1.01,0.5,-0.71,22.3704,-7.285496667,112.79344
775,1.01,0.43,-0.2,23.2992,-7.285556667,112.793446667
776,0.1,0.48,-0.7,23.2992,-7.285556667,112.793446667
777,0.37,0.48,-0.66,24.1668,-7.285616667,112.793451667
778,0.59,0.27,-0.23,24.1668,-7.285616667,112.793451667
779,0.47,0.23,-0.36,24.1668,-7.285616667,112.793451667
780,0.27,0.33,-0.41,24.1668,-7.285616667,112.793451667
781,0.38,0.3,-0.49,24.2064,-7.285688333,112.793461667
782,0.43,0.43,-0.39,24.2064,-7.285688333,112.793461667
783,1.25,0.45,-0.57,24.2064,-7.285688333,112.793461667
784,0.72,0.27,-0.2,24.5772,-7.28576,112.793475
785,0.82,0.43,-0.51,24.5772,-7.28576,112.793475
786,0.47,0.49,-0.57,24.5772,-7.28576,112.793475
787,0.69,0.45,-0.62,23.1696,-7.285823333,112.793486667
788,0.63,0.35,-0.29,23.1696,-7.285823333,112.793486667
789,0.85,0.47,-0.62,23.1696,-7.285823333,112.793486667
790,1.15,0.67,-0.76,23.1696,-7.285823333,112.793486667
791,0.86,0.22,-0.13,21.2256,-7.285878333,112.793495
792,0.56,0.44,-0.31,21.2256,-7.285878333,112.793495
793,1.43,0.54,-0.54,21.2256,-7.285878333,112.793495
794,0.73,0.41,-0.46,20.4264,-7.285933333,112.793503333
795,0.5,0.35,-0.44,20.4264,-7.285933333,112.793503333
796,0.59,0.26,-0.29,18.1116,-7.28598,112.793508333
797,0.67,0.48,-0.52,18.1116,-7.28598,112.793508333
798,0.55,0.42,-0.54,18.1116,-7.28598,112.793508333
799,0.9,0.32,-0.29,15.4836,-7.286023333,112.793513333
800,0.89,0.48,-0.54,15.4836,-7.286023333,112.793513333
801,0.69,0.38,-0.38,13.6872,-7.286061667,112.793518333
802,0.44,0.35,-0.55,13.6872,-7.286061667,112.793518333
803,0.63,0.58,-0.77,13.1688,-7.2861,112.793528333
804,0.51,0.41,-0.45,13.1688,-7.2861,112.793528333
805,0.67,0.49,-0.6,11.9268,-7.286138333,112.793551667
806,0.72,0.45,-0.58,11.9268,-7.286138333,112.793551667
807,0.82,0.49,-0.49,14.0184,-7.286176667,112.793591667
808,0.45,0.43,-0.66,14.8536,-7.286196667,112.793633333
809,0.71,0.3,-0.8,14.8536,-7.286196667,112.793633333
810,0.55,0.46,-0.67,14.8536,-7.286196667,112.793633333
811,0.51,0.34,-0.66,17.0568,-7.28621,112.793683333
812,1.08,0.81,-0.69,17.0568,-7.28621,112.793683333
813,0.47,0.33,-0.6,17.964,-7.286213333,112.793735
814,0.75,0.48,-0.78,17.964,-7.286213333,112.793735
815,0.95,0.44,-0.62,19.4652,-7.286215,112.79379
816,0.81,0.35,-0.31,19.4652,-7.286215,112.79379
817,0.51,0.64,-0.45,19.4652,-7.286215,112.79379
818,0.3,0.35,-0.58,21.0204,-7.286211667,112.79385
819,0.41,0.33,-0.56,21.0204,-7.286211667,112.79385
820,0.75,0.29,-0.86,23.3892,-7.286205,112.793916667
821,0.97,0.53,-0.73,23.3892,-7.286205,112.793916667
822,0.66,0.45,-0.37,23.3892,-7.286205,112.793916667
823,0.66,0.64,-0.61,23.3892,-7.286205,112.793916667
824,1.0,0.43,-0.36,24.39,-7.286198333,112.793981667
825,1.13,0.43,-0.4,24.39,-7.286198333,112.793981667
826,0.21,0.41,-0.23,24.39,-7.286198333,112.793981667
827,0.27,0.36,-0.72,24.39,-7.286198333,112.793981667
828,1.0,0.39,-0.19,24.948,-7.286205,112.794055
829,0.11,0.63,-1.29,24.948,-7.286205,112.794055
830,0.61,0.51,-0.81,24.948,-7.286205,112.794055
831,0.9,0.48,-0.79,25.5564,-7.286196667,112.794121667
832,0.12,0.33,-0.49,25.5564,-7.286196667,112.794121667
833,0.14,0.2,-0.5,25.5564,-7.286196667,112.794121667
834,0.46,0.28,-0.37,25.4088,-7.286195,112.794188333
835,0.58,0.41,-0.49,25.4088,-7.286195,112.794188333
836,0.75,0.31,-0.26,25.4088,-7.286195,112.794188333
837,0.92,0.48,-0.74,25.3152,-7.286191667,112.794253333
838,0.88,0.45,-0.39,25.3152,-7.286191667,112.794253333
839,0.82,0.5,-0.44,25.3152,-7.286191667,112.794253333
840,0.47,0.28,-0.43,25.3152,-7.286191667,112.794253333
841,0.65,0.38,-0.1,24.8724,-7.286181667,112.794316667
842,0.53,0.58,-0.66,24.8724,-7.286181667,112.794316667
843,0.86,0.52,-0.75,24.8724,-7.286181667,112.794316667
844,0.85,0.52,-0.52,24.8724,-7.286181667,112.794316667
845,0.42,0.39,-0.57,24.8724,-7.286181667,112.794316667
846,0.34,0.4,-0.48,24.7968,-7.286175,112.79438
847,0.92,0.54,-0.59,24.7968,-7.286175,112.79438
848,0.51,0.37,-0.51,24.336,-7.286163333,112.794441667
849,0.55,0.37,-0.4,24.336,-7.286163333,112.794441667
850,0.94,0.39,-0.46,24.336,-7.286163333,112.794441667
851,0.64,0.17,-0.55,23.04,-7.286153333,112.794496667
852,0.16,0.33,-0.46,23.04,-7.286153333,112.794496667
853,0.3,0.4,-0.58,23.04,-7.286153333,112.794496667
854,0.51,0.51,-0.67,21.9276,-7.286143333,112.794551667
855,1.01,0.5,-0.64,21.9276,-7.286143333,112.794551667
856,0.65,0.44,-0.42,21.9276,-7.286143333,112.794551667
857,0.89,0.5,-0.51,21.9276,-7.286143333,112.794551667
858,0.73,0.68,-0.89,20.7792,-7.286136667,112.794601667
859,0.52,0.4,-0.43,20.7792,-7.286136667,112.794601667
860,0.5,0.58,-0.6,20.7792,-7.286136667,112.794601667
861,0.71,0.48,-0.6,19.0764,-7.28613,112.794645
862,0.63,0.32,-0.42,19.0764,-7.28613,112.794645
863,0.52,0.34,-0.53,16.9632,-7.286121667,112.794685
864,0.84,0.28,-0.28,16.9632,-7.286121667,112.794685
865,0.4,0.43,-0.66,16.9632,-7.286121667,112.794685
866,0.42,0.41,-0.64,14.9076,-7.286113333,112.794718333
867,0.7,0.31,-0.52,14.9076,-7.286113333,112.794718333
868,0.45,0.52,-0.5,13.1688,-7.286108333,112.794748333
869,0.84,0.36,-0.29,13.1688,-7.286108333,112.794748333
870,0.71,0.5,-0.91,11.484,-7.286101667,112.794778333
871,0.75,0.47,-0.67,11.484,-7.286101667,112.794778333
872,1.06,0.56,-0.66,9.2592,-7.286111667,112.79479
873,0.51,0.45,-0.56,7.038,-7.286126667,112.794795
874,0.93,0.46,-0.63,5.9436,-7.286145,112.794793333
875,1.08,0.61,-0.66,7.8336,-7.286161667,112.794773333
876,0.54,0.5,-0.73,7.9452,-7.286168333,112.794753333
877,0.41,0.64,-0.85,8.388,-7.286176667,112.794733333
878,0.5,0.48,-0.69,9.666,-7.286186667,112.794706667
879,0.43,0.33,-0.54,12.816,-7.2862,112.794665
880,0.53,0.21,-0.28,12.816,-7.2862,112.794665
881,0.42,0.34,-0.5,14.2416,-7.28621,112.794611667
882,0.7,0.35,-0.47,14.2416,-7.28621,112.794611667
883,0.51,0.47,-0.34,15.2064,-7.28621,112.794565
884,0.02,0.56,-0.52,15.2064,-7.28621,112.794565
885,0.36,0.23,-0.63,17.8344,-7.286216667,112.794508333
886,0.05,0.39,-0.7,17.8344,-7.286216667,112.794508333
887,0.69,0.31,-0.39,21.4092,-7.28622,112.794441667
888,0.64,0.52,-0.94,21.4092,-7.28622,112.794441667
889,0.48,0.57,-0.75,21.4092,-7.28622,112.794441667
890,0.94,0.31,-0.54,21.7044,-7.286226667,112.79438
891,0.49,0.27,-0.35,21.7044,-7.286226667,112.79438
892,0.91,0.99,-1.13,21.7044,-7.286226667,112.79438
893,0.6,0.38,-0.28,23.1876,-7.286235,112.79432
894,0.49,0.42,-0.42,23.1876,-7.286235,112.79432
895,0.74,0.41,-0.36,23.1876,-7.286235,112.79432
896,0.65,0.47,-0.58,23.5008,-7.286241667,112.794256667
897,0.94,0.44,-0.5,23.5008,-7.286241667,112.794256667
898,0.48,0.45,-0.37,23.5008,-7.286241667,112.794256667
899,1.3,0.43,-0.77,23.5008,-7.286241667,112.794256667
900,0.94,0.51,-0.34,23.5008,-7.286241667,112.794256667
901,0.92,0.42,-0.29,23.6304,-7.286255,112.794183333
902,0.68,0.36,-0.06,23.6304,-7.286255,112.794183333
903,0.56,0.38,-0.58,23.724,-7.286263333,112.79412
904,0.77,0.36,-0.2,23.724,-7.286263333,112.79412
905,0.82,0.51,-0.69,23.724,-7.286263333,112.79412
906,0.51,0.53,-0.75,25.2972,-7.286268333,112.794036667
907,0.97,0.31,-0.54,25.2972,-7.286268333,112.794036667
908,1.21,0.45,-0.31,25.2972,-7.286268333,112.794036667
909,0.82,0.22,-0.07,25.2972,-7.286268333,112.794036667
910,0.62,0.31,-0.43,24.6888,-7.286276667,112.793963333
911,0.5,0.29,-0.26,24.6888,-7.286276667,112.793963333
912,0.49,0.54,-0.27,24.6888,-7.286276667,112.793963333
913,0.86,0.36,-0.39,23.67,-7.286286667,112.793893333
914,0.51,0.39,-0.5,23.67,-7.286286667,112.793893333
915,0.98,0.48,-0.58,23.67,-7.286286667,112.793893333
916,0.42,0.36,-0.5,23.67,-7.286286667,112.793893333
917,0.84,0.48,-0.55,21.2976,-7.286303333,112.793825
918,0.99,0.48,-0.52,21.2976,-7.286303333,112.793825
919,0.47,0.51,-0.67,17.7408,-7.286313333,112.79376
920,0.35,0.39,-0.44,17.7408,-7.286313333,112.79376
921,0.8,0.46,-0.61,17.7408,-7.286313333,112.79376
922,1.07,0.51,-0.62,17.2044,-7.286331667,112.7937
923,0.99,0.5,-0.47,17.2044,-7.286331667,112.7937
924,0.73,0.61,-0.87,16.1316,-7.286348333,112.793653333
925,0.56,0.35,-0.47,16.1316,-7.286348333,112.793653333
926,0.46,0.31,-0.44,16.1316,-7.286348333,112.793653333
927,0.54,0.29,-0.39,15.0552,-7.286361667,112.793605
928,0.53,0.45,-0.76,15.0552,-7.286361667,112.793605
929,0.55,0.53,-0.66,15.6132,-7.286363333,112.793573333
930,0.57,0.54,-0.7,15.6132,-7.286363333,112.793573333
931,0.46,0.26,-0.5,15.5376,-7.28635,112.79356
932,1.0,0.46,-0.59,15.5376,-7.28635,112.79356
933,0.65,0.5,-0.57,15.5556,-7.286325,112.793533333
934,0.41,0.4,-0.5,15.5556,-7.286325,112.793533333
935,0.25,0.43,-0.51,15.1308,-7.286291667,112.793526667
936,0.63,0.37,-0.38,15.1308,-7.286291667,112.793526667
937,1.15,0.35,-0.65,16.5744,-7.28625,112.793505
938,0.75,0.4,-0.39,16.5744,-7.28625,112.793505
939,0.38,0.55,-0.87,16.5744,-7.28625,112.793505
940,0.66,0.4,-0.77,17.928,-7.286205,112.793491667
941,0.86,0.76,-1.05,17.928,-7.286205,112.793491667
942,0.22,0.38,-0.53,19.5012,-7.286156667,112.79348
943,1.11,0.46,-0.66,19.5012,-7.286156667,112.79348
944,0.38,0.41,-0.48,19.5012,-7.286156667,112.79348
945,0.6,0.37,-0.62,21.2616,-7.286103333,112.793471667
946,0.3,0.61,-0.75,21.2616,-7.286103333,112.793471667
947,0.72,0.62,-0.95,21.3552,-7.286051667,112.79346
948,-0.02,0.53,-0.53,21.3552,-7.286051667,112.79346
949,0.6,0.48,-0.59,21.3552,-7.286051667,112.79346
950,0.66,0.67,-1.0,21.3552,-7.286,112.793451667
951,0.49,0.43,-0.46,21.3552,-7.286,112.793451667
952,0.2,0.5,-0.54,21.3552,-7.286,112.793451667
953,0.61,0.62,-1.04,21.3552,-7.286,112.793451667
954,0.69,0.48,-0.25,21.9636,-7.285945,112.793446667
955,0.18,0.41,-0.8,21.9636,-7.285945,112.793446667
956,1.13,0.39,-0.66,23.6304,-7.285885,112.793438333
957,0.88,0.32,-0.22,23.6304,-7.285885,112.793438333
958,0.71,0.41,-0.41,23.6304,-7.285885,112.793438333
959,0.62,0.58,-0.74,23.6304,-7.285885,112.793438333
960,0.36,0.52,-0.87,25.8912,-7.285821667,112.79344
961,0.43,0.28,-0.31,25.8912,-7.285821667,112.79344
962,0.58,0.61,-0.75,25.8912,-7.285821667,112.79344
963,0.44,0.45,-0.43,26.0208,-7.285755,112.79344
964,1.2,0.55,-0.69,26.0208,-7.285755,112.79344
965,0.6,0.51,-0.49,26.0208,-7.285755,112.79344
966,0.51,0.35,-0.63,26.0208,-7.285755,112.79344
967,0.65,0.25,-0.54,26.964,-7.285686667,112.793436667
968,1.0,0.31,-0.44,26.964,-7.285686667,112.793436667
969,0.74,0.23,-0.52,26.964,-7.285686667,112.793436667
970,0.33,0.35,-0.4,26.964,-7.285686667,112.793436667
971,0.67,0.45,-0.45,26.0388,-7.285618333,112.793431667
972,0.63,0.2,-0.12,26.0388,-7.285618333,112.793431667
973,0.86,0.32,-0.31,26.0388,-7.285618333,112.793431667
974,0.67,0.45,-0.6,25.65,-7.285553333,112.793423333
975,1.05,0.45,-0.6,25.65,-7.285553333,112.793423333
976,0.23,0.31,-0.44,25.65,-7.285553333,112.793423333
977,0.79,0.47,-0.63,25.1136,-7.28549,112.793413333
978,0.31,0.41,-0.49,25.1136,-7.28549,112.793413333
979,0.33,0.51,-0.79,25.1136,-7.28549,112.793413333
980,0.45,0.27,-0.4,25.1136,-7.28549,112.793413333
981,0.44,0.21,-0.36,24.1668,-7.28543,112.793403333
982,0.52,0.23,-0.37,24.1668,-7.28543,112.793403333
983,0.93,0.49,-0.53,24.1668,-7.28543,112.793403333
984,0.45,0.26,-0.41,23.076,-7.28537,112.793391667
985,0.27,0.4,-0.55,23.076,-7.28537,112.793391667
986,0.78,0.33,-0.43,23.076,-7.28537,112.793391667
987,0.72,0.48,-0.57,23.076,-7.28537,112.793391667
988,0.72,0.81,-0.89,19.3716,-7.285323333,112.793381667
989,0.54,0.16,-0.39,19.3716,-7.285323333,112.793381667
990,0.46,0.41,-0.45,15.7032,-7.285288333,112.79337
991,0.63,0.45,-0.47,15.7032,-7.285288333,112.79337
992,0.78,0.43,-0.65,13.3524,-7.285255,112.793368333
993,0.7,0.48,-0.41,13.3524,-7.285255,112.793368333
994,0.62,0.33,-0.68,12.2616,-7.285221667,112.793368333
995,0.82,0.54,-0.87,12.2616,-7.285221667,112.793368333
996,0.84,0.56,-0.54,12.9996,-7.285188333,112.793363333
997,0.51,0.31,-0.37,12.9996,-7.285188333,112.793363333
998,0.39,0.45,-0.45,15.5556,-7.285146667,112.793356667
999,1.15,0.62,-0.68,15.5556,-7.285146667,112.793356667
1000,0.74,0.33,-0.55,17.946,-7.2851,112.79335
1001,0.07,0.38,-0.23,17.946,-7.2851,112.79335
1002,0.75,0.21,-0.39,20.4264,-7.285045,112.793351667
1003,0.34,0.56,-0.64,20.4264,-7.285045,112.793351667
1004,0.88,0.54,-0.93,20.4264,-7.285045,112.793351667
1005,0.69,0.45,-0.64,21.15,-7.284988333,112.793356667
1006,0.31,0.28,-0.56,21.15,-7.284988333,112.793356667
1007,0.99,0.4,-0.36,21.15,-7.284988333,112.793356667
1008,1.2,0.24,-0.52,22.392,-7.284933333,112.79335
1009,0.69,0.34,-0.48,22.392,-7.284933333,112.79335
1010,0.92,0.6,-0.41,22.392,-7.284933333,112.79335
1011,0.67,0.38,-0.76,22.392,-7.284933333,112.79335
1012,0.98,0.56,-0.43,23.5188,-7.284871667,112.793341667
1013,0.97,0.46,-0.54,23.5188,-7.284871667,112.793341667
1014,1.05,0.63,-0.48,23.8716,-7.284811667,112.79333
1015,0.53,0.65,-0.62,23.8716,-7.284811667,112.79333
1016,0.79,0.4,-0.66,23.8716,-7.284811667,112.79333
1017,0.98,0.46,-0.63,23.8716,-7.284811667,112.79333
1018,0.67,0.41,-0.46,24.0012,-7.28475,112.793326667
1019,1.33,0.77,-0.91,24.0012,-7.28475,112.793326667
1020,0.55,0.47,-0.85,24.0012,-7.28475,112.793326667
1021,0.44,0.53,-0.73,22.6512,-7.284693333,112.793318333
1022,0.92,0.38,-0.48,22.6512,-7.284693333,112.793318333
1023,0.44,0.44,-0.52,22.6512,-7.284693333,112.793318333
1024,0.76,0.45,-0.57,22.0572,-7.284638333,112.793308333
1025,0.43,0.32,-0.42,22.0572,-7.284638333,112.793308333
1026,0.5,0.42,-0.49,22.0572,-7.284638333,112.793308333
1027,0.82,0.52,-0.66,22.0572,-7.284638333,112.793308333
1028,0.35,0.57,-0.51,21.9096,-7.284585,112.793298333
1029,0.99,0.57,-0.68,21.9096,-7.284585,112.793298333
1030,0.61,0.57,-0.68,20.7252,-7.284533333,112.79329
1031,0.97,0.67,-0.56,20.7252,-7.284533333,112.79329
1032,0.92,0.48,-0.74,20.7252,-7.284533333,112.79329
1033,0.72,0.43,-0.83,20.8152,-7.284485,112.79328
1034,0.77,0.33,-0.47,20.8152,-7.284485,112.79328
1035,0.87,0.42,-0.63,20.8152,-7.284485,112.79328
1036,0.75,0.46,-0.66,21.6144,-7.284431667,112.793271667
1037,0.27,0.49,-0.64,21.6144,-7.284431667,112.793271667
1038,0.64,0.37,-0.61,21.6144,-7.284431667,112.793271667
1039,0.86,0.35,-0.35,21.6504,-7.284378333,112.793263333
1040,0.55,0.46,-0.42,21.6504,-7.284378333,112.793263333
1041,0.65,0.48,-0.48,21.6504,-7.284378333,112.793263333
1042,0.69,0.6,-0.75,21.5748,-7.284325,112.793253333
1043,0.6,0.44,-0.4,21.5748,-7.284325,112.793253333
1044,0.42,0.3,-0.62,21.5748,-7.284325,112.793253333
1045,0.26,0.41,-0.52,20.6496,-7.284273333,112.793235
1046,0.91,0.44,-0.16,20.6496,-7.284273333,112.793235
1047,0.36,0.43,-0.61,20.6496,-7.284273333,112.793235
1048,0.77,0.48,-0.48,18.7416,-7.28423,112.793208333
1049,0.89,0.43,-0.56,18.7416,-7.28423,112.793208333
1050,0.6,0.58,-0.87,15.6672,-7.284198333,112.793181667
1051,0.65,0.3,-0.53,15.6672,-7.284198333,112.793181667
