1,0.88,0.08,1.09,3,65,17
2,0.11,0.16,0.63,91,62,23
3,1.56,2.0,1.94,94,99,2
4,1.7,1.53,0.54,34,50,31
5,0.09,1.39,0.76,81,17,42
6,0.66,0.2,1.36,77,79,74
7,0.92,0.35,0.82,42,68,18
8,1.33,1.79,0.77,39,61,80
9,0.79,0.76,1.07,93,97,22
10,0.52,1.57,0.09,31,70,12
11,1.2,0.21,1.47,71,77,41
12,0.72,0.28,1.52,59,55,17
13,1.65,0.01,1.63,28,61,14
14,1.64,0.15,1.87,44,64,91
15,1.49,1.93,0.78,16,26,1
16,0.24,0.09,1.79,29,43,4
17,0.5,1.43,0.92,69,81,79
18,0.39,1.5,0.89,6,43,9
19,1.73,0.55,0.42,74,77,57
20,1.12,0.14,0.61,40,7,37
21,0.96,0.24,1.68,91,100,1
22,0.85,1.25,1.19,81,55,78
23,0.88,0.25,0.42,34,43,6
24,1.53,2.0,1.02,73,80,41
25,1.5,0.2,1.76,79,29,82
26,0.54,1.4,1.73,69,86,4
27,0.12,0.16,0.93,74,59,19
28,1.36,1.16,1.71,86,31,10
29,0.59,1.22,0.63,38,9,25
30,1.44,1.58,0.8,37,38,93
31,1.14,1.31,0.15,96,42,31
32,0.98,1.02,0.84,16,9,38
33,1.43,1.68,1.12,13,77,6
34,1.44,1.38,0.5,46,58,19
35,1.7,1.1,1.46,61,26,78
36,1.45,1.91,1.15,43,28,13
37,1.69,0.9,0.34,49,92,84
38,0.05,1.29,1.48,76,45,16
39,1.05,0.47,0.38,8,7,57
40,1.27,1.09,0.82,12,38,89
41,0.03,1.48,0.99,37,56,5
42,0.34,1.78,1.57,99,49,54
43,1.2,1.32,0.03,58,18,21
44,1.68,1.21,1.51,54,40,47
45,1.14,0.9,0.84,29,12,46
46,0.74,1.61,0.77,79,59,93
47,1.97,0.21,0.3,7,94,100
48,0.19,0.29,1.48,44,60,57
49,0.33,0.15,0.53,78,22,28
50,1.97,0.81,0.1,49,17,56
51,0.85,0.36,0.67,37,72,55
52,1.91,1.76,1.05,1,57,60
53,1.51,1.48,1.9,55,71,79
54,1.53,1.48,0.75,35,91,74
55,1.72,0.51,1.28,48,57,78
56,1.05,1.94,1.39,23,65,96
57,0.56,1.75,1.92,3,81,30
58,0.14,1.82,1.3,4,2,90
59,0.64,1.57,0.9,74,88,68
60,1.68,0.3,0.05,34,88,57
61,0.93,0.93,1.44,69,48,78
62,0.93,1.48,1.6,51,90,31
63,1.94,1.97,0.22,55,33,30
64,0.86,0.62,0.07,69,39,53
65,0.33,0.16,1.93,40,83,89
66,1.3,0.25,0.48,23,56,71
67,0.54,0.21,1.44,79,1,83
68,1.25,0.49,1.86,94,18,72
69,1.04,0.26,1.02,67,18,47
70,1.91,0.95,1.43,97,21,21
71,0.6,0.07,1.49,24,22,80
72,0.61,1.79,0.01,21,37,36
73,1.89,1.82,1.11,58,25,62
74,0.93,1.19,0.06,62,63,96
75,1.07,0.33,0.43,15,76,94
76,0.73,0.77,0.79,86,5,80
77,1.28,0.21,0.38,1,33,10
1,0.04,0.38,1.22,39,77,59
2,0.76,1.95,1.61,51,18,34
3,1.79,0.8,1.71,37,93,44
4,0.94,0.43,1.44,86,86,72
5,0.05,0.69,0.72,92,40,88
6,1.83,0.1,1.29,12,39,8
7,0.92,0.2,0.0,18,66,50
8,1.96,0.81,1.92,22,39,66
9,1.75,1.14,1.59,8,32,40
10,1.21,1.06,1.08,43,28,88
11,1.35,1.89,1.1,44,46,65
12,1.1,1.92,0.9,85,23,14
13,1.42,0.3,0.6,36,70,98
14,1.41,0.62,1.28,63,36,19
15,0.08,0.31,0.9,55,57,35
16,1.63,0.01,1.5,37,50,90
17,0.99,1.35,1.67,96,42,65
18,0.27,0.42,0.28,10,65,89
19,1.52,1.47,0.58,34,44,83
1,0.6,1.28,0.41,6,7,82
2,1.77,1.63,0.85,89,61,75
3,0.23,0.27,0.14,37,72,76
4,1.7,1.52,0.27,50,51,78
5,1.77,1.16,1.19,85,59,100
6,0.8,1.33,0.13,6,31,9
7,1.13,1.51,2.0,38,86,68
8,0.4,0.96,0.2,74,23,78
9,0.47,0.86,1.09,82,41,12
10,0.29,0.47,0.63,73,31,6
11,1.11,0.19,1.5,66,85,96
12,0.62,0.78,0.72,28,51,65
13,1.93,0.63,1.46,73,63,87
14,1.0,0.95,0.1,83,14,76
15,0.75,1.05,1.03,49,23,36
16,0.87,0.47,0.37,31,31,60
17,1.82,0.08,1.09,35,34,29
18,1.75,0.54,1.6,40,37,68
19,0.95,1.51,0.9,52,27,31
20,0.86,1.22,0.05,65,8,2
21,1.21,0.0,0.36,94,53,62
22,1.56,1.87,0.6,27,36,49
23,1.39,1.62,1.26,36,96,23
24,1.9,0.68,1.37,49,24,43
25,1.51,0.91,0.2,84,11,13
26,1.42,0.11,1.14,37,13,50
27,0.85,1.23,0.17,97,89,41
28,1.41,0.05,0.49,14,20,51
29,1.93,0.14,1.36,87,38,64
30,0.12,0.26,0.03,15,28,64
31,0.9,1.59,0.48,73,64,53
32,0.44,1.2,1.84,16,81,26
33,0.88,0.99,1.67,43,56,32
34,1.92,0.59,1.97,74,94,78
35,1.07,1.69,1.27,93,87,60
36,1.92,0.85,1.64,58,41,97
37,0.86,0.51,0.77,77,2,88
38,0.89,0.82,1.86,38,34,8
39,1.77,1.59,0.39,24,96,94
40,1.82,1.93,0.97,12,35,55
41,0.83,0.55,0.65,84,59,74
42,1.79,0.71,1.23,92,100,93
43,1.11,0.93,1.45,35,72,63
44,0.66,0.11,0.74,1,99,66
45,1.71,1.46,0.99,99,100,44
46,0.59,1.61,1.81,15,78,82
47,0.88,0.28,1.63,91,35,33
48,1.01,1.36,0.84,56,96,17
49,0.66,1.59,1.36,40,3,37
50,1.77,0.48,0.87,32,87,86
51,0.48,0.84,0.34,66,75,51
52,1.19,1.93,0.38,17,10,50
53,0.65,1.48,1.77,41,78,93
54,1.28,1.16,0.03,33,81,64
55,1.17,0.45,0.5,40,18,53
56,1.77,1.49,1.42,76,48,71
57,1.46,1.08,1.72,41,51,73
58,0.58,0.36,1.1,23,81,5
59,0.74,1.02,0.44,19,18,15
60,0.14,0.22,1.07,96,9,16
61,1.24,0.34,0.4,23,74,3
62,0.8,0.07,1.73,14,23,61
63,1.84,0.93,0.08,74,70,67
64,0.91,1.47,1.25,63,94,95
65,1.48,0.6,0.59,13,2,42
66,1.91,0.21,1.99,94,53,97
67,1.7,1.25,1.64,95,72,75
68,1.98,0.76,1.92,72,35,2
69,0.28,1.45,1.56,82,50,36
70,0.77,0.54,1.42,64,3,75
71,1.5,1.3,1.66,21,76,88
72,1.02,1.7,1.63,5,12,36
73,0.32,0.55,1.43,78,86,81
74,0.55,0.86,0.66,96,68,57
75,0.35,0.56,1.43,23,88,77
76,1.65,0.56,1.42,26,96,4
77,1.39,1.55,1.26,17,73,65
78,0.64,0.92,0.94,4,22,2
79,0.49,0.6,1.62,43,91,42
80,1.31,0.48,0.07,49,99,50
81,0.16,1.15,0.98,17,18,96
82,1.5,1.66,0.99,55,74,55
83,1.52,1.42,1.22,43,17,65
84,1.53,0.54,0.26,42,70,65
85,1.09,0.46,0.1,89,45,17
86,0.32,1.58,0.26,32,67,63
87,1.76,1.42,1.99,87,37,55
88,2.0,1.23,0.34,64,90,98
89,1.67,0.3,1.55,41,90,49
90,1.69,0.98,0.96,98,73,94
91,1.42,0.94,1.39,98,42,64
92,1.23,0.17,1.68,62,18,15
93,0.51,1.63,0.99,9,71,10
94,1.89,1.62,1.94,69,6,27
95,1.32,1.51,1.23,18,85,55
96,0.1,0.14,1.08,79,8,24
97,1.8,0.75,0.2,9,76,89
98,1.67,1.92,0.37,54,94,21
99,0.08,1.86,1.23,84,89,36
100,0.76,2.0,0.01,98,31,49
101,1.58,0.8,0.47,97,28,70
102,0.66,0.14,1.39,40,46,71
103,0.31,1.45,0.97,70,73,56
104,0.95,1.29,1.56,64,69,18
105,0.06,0.49,0.14,63,19,89
106,1.76,1.69,0.96,75,94,64
107,0.15,1.59,1.04,54,41,14
108,0.2,1.31,0.39,39,15,61
109,0.4,1.35,1.4,78,52,13
110,1.01,0.5,1.53,37,47,71
111,1.99,0.63,0.89,11,91,29
112,1.11,1.47,0.65,9,47,70
113,0.93,0.35,0.3,24,8,42
114,0.94,1.74,0.88,11,27,12
115,1.43,1.19,1.73,70,65,62
116,1.49,1.28,0.07,34,98,54
117,1.05,1.98,0.69,29,69,2
118,0.1,1.28,0.75,34,61,26
119,0.1,0.5,1.74,94,59,98
120,1.72,0.3,0.96,36,10,63
121,0.39,0.62,1.76,28,74,41
122,1.15,0.56,1.49,83,74,14
123,1.42,0.63,1.27,5,54,90
124,1.67,1.5,1.08,56,48,95
125,0.43,0.17,1.47,6,89,10
126,0.63,0.49,1.09,76,39,28
127,0.2,0.9,0.15,26,41,86
128,1.36,1.8,1.37,4,2,65
129,1.73,0.43,0.73,45,74,52
130,1.91,1.31,0.52,45,73,9
131,1.69,1.43,1.78,99,34,16
132,1.49,0.51,1.68,24,30,56
133,1.14,1.47,0.84,52,50,35
134,1.34,0.19,1.53,14,11,86
135,1.28,1.14,1.79,28,95,47
136,1.47,1.16,1.19,28,7,61
137,0.05,1.14,1.33,96,94,55
138,0.23,1.36,0.86,53,23,3
139,1.92,1.72,0.01,76,43,14
140,0.94,1.62,0.59,57,42,11
141,0.59,0.43,1.57,30,37,26
142,0.44,0.62,0.21,10,51,98
143,0.56,0.59,0.37,37,1,80
144,1.77,0.81,0.09,40,70,13
145,0.96,0.5,0.73,28,77,53
146,0.12,0.14,0.14,95,35,69
147,0.82,0.71,1.56,94,73,92
148,0.0,0.97,1.27,30,73,94
149,0.74,1.03,0.36,50,23,15
150,1.79,0.68,1.42,18,81,98
151,0.54,1.78,0.9,57,42,96
152,1.87,0.69,1.74,69,42,84
153,1.18,1.49,1.66,51,5,1
154,0.72,1.8,0.55,59,88,48
155,1.77,1.83,1.38,100,16,75
156,1.51,0.24,1.9,85,5,88
157,0.22,1.86,0.32,38,81,15
158,0.21,1.91,0.37,56,26,83
159,1.46,1.99,0.0,45,99,78
160,0.45,0.7,1.92,57,49,36
161,1.88,0.18,0.59,48,79,19
162,0.69,0.63,0.85,48,82,78
163,0.61,0.73,1.64,49,74,9
164,1.51,0.59,1.94,38,66,80
165,1.02,0.81,1.21,32,68,87
166,1.72,1.9,0.19,8,100,97
167,0.75,1.99,1.84,95,46,30
168,0.52,0.85,0.55,65,39,72
169,0.34,1.88,1.69,3,18,46
170,1.81,1.23,1.8,64,73,6
171,0.77,1.7,0.67,63,77,31
172,1.71,0.3,0.36,96,90,2
173,0.57,0.73,1.1,91,12,83
174,0.46,0.48,0.39,81,39,64
175,1.44,0.93,1.03,80,35,31
176,0.48,1.07,0.64,96,3,41
177,0.13,1.34,1.78,31,28,63
178,1.58,1.05,1.95,39,86,37
179,0.96,1.58,0.99,77,63,14
180,1.33,0.19,1.33,22,62,18
181,1.21,1.3,1.99,81,14,69
182,1.5,1.79,1.65,77,9,95
183,1.43,0.72,0.07,90,65,100
184,1.38,1.01,1.63,65,58,63
185,0.73,1.56,1.18,73,63,52
186,1.39,0.2,0.14,92,55,9
187,0.49,1.76,0.65,21,54,76
188,1.34,0.6,1.57,43,73,85
189,0.68,1.05,0.08,98,66,51
190,1.48,0.36,1.77,25,64,22
191,0.58,1.11,0.38,15,2,45
192,1.41,1.47,0.92,84,94,93
193,0.55,0.04,0.87,39,40,93
194,0.16,0.64,1.58,77,8,56
195,0.46,1.11,0.16,48,24,4
196,1.53,1.75,0.12,13,20,69
197,0.75,1.33,1.8,30,32,36
198,0.94,0.06,1.21,5,76,38
199,1.67,1.62,0.84,61,63,58
200,0.89,1.64,1.86,90,100,84
201,0.62,1.12,1.99,1,55,35
202,1.42,0.8,0.29,76,14,90
203,1.81,0.0,0.87,24,42,12
204,0.73,0.09,0.42,78,83,29
205,0.53,1.62,1.44,66,32,15
206,1.84,1.09,1.62,48,8,65
207,1.63,0.58,1.75,80,83,67
208,0.51,0.29,0.66,5,75,31
209,0.71,1.84,0.2,62,51,26
210,1.42,1.97,0.66,75,10,34
211,1.13,0.46,0.28,65,3,52
212,1.7,1.66,0.02,17,75,21
213,0.36,1.66,0.64,23,65,29
214,0.05,0.51,0.29,91,66,22
215,0.57,0.27,0.83,23,8,15
216,1.68,0.66,0.61,25,63,18
217,0.96,1.67,1.88,89,19,54
218,1.08,1.03,0.28,43,35,75
219,1.75,0.45,1.81,27,73,77
220,0.22,0.35,0.26,57,37,98
221,0.44,1.55,1.97,78,54,18
222,0.29,0.05,0.28,68,95,7
223,1.61,1.98,1.94,9,88,64
224,0.73,0.39,0.17,51,70,96
225,0.32,1.62,1.89,78,92,4
226,0.13,1.46,0.34,38,12,27
227,0.22,0.08,1.86,12,32,65
228,0.84,1.25,1.91,76,19,74
229,1.33,0.02,0.86,44,48,48
230,1.59,1.83,1.44,23,23,53
231,1.23,0.62,0.21,67,49,7
232,0.94,0.16,0.34,27,17,2
233,0.98,2.0,0.45,24,48,75
234,0.53,1.39,1.04,85,36,87
235,1.12,0.46,0.77,75,73,32
236,0.37,1.85,0.9,100,47,64
237,1.6,1.15,0.67,77,40,31
238,1.4,1.87,1.4,84,88,64
239,0.38,1.1,0.95,83,6,29
240,1.66,1.48,1.62,49,52,31
241,0.61,0.63,0.62,99,15,88
242,1.78,0.58,1.04,85,68,3
243,1.05,1.26,1.96,73,70,30
244,0.23,0.05,1.68,86,15,65
245,0.18,1.39,1.8,4,79,71
246,0.09,0.48,0.7,64,46,22
247,0.14,0.07,0.38,66,82,56
248,1.18,1.93,0.93,4,4,73
249,0.53,1.75,1.25,13,31,13
250,0.83,0.3,0.96,35,90,9
251,0.71,0.15,0.77,11,29,35
252,1.77,1.93,0.29,24,4,92
253,0.58,1.84,0.19,24,54,45
254,0.41,1.97,0.02,23,35,61
255,1.14,0.86,1.44,96,40,54
256,0.87,0.44,1.79,66,34,69
257,1.79,0.27,0.67,100,59,75
258,1.71,0.07,1.54,34,85,38
259,0.41,1.09,1.65,98,39,82
260,1.01,0.18,0.13,9,89,16
261,0.14,1.74,0.03,3,15,85
262,0.99,0.85,0.13,79,10,3
263,0.98,1.9,1.07,17,97,41
264,1.7,0.63,0.38,17,99,82
265,0.45,0.1,0.82,63,78,8
266,1.66,0.07,1.08,79,100,97
267,0.14,0.28,0.67,27,55,11
268,1.26,0.67,1.84,14,99,10
269,1.3,0.84,0.02,25,19,74
270,0.87,0.02,1.35,69,60,56
271,1.65,0.93,1.15,81,79,26
272,0.65,0.08,0.27,8,65,39
273,1.85,1.65,1.63,49,1,17
274,0.48,1.97,0.29,6,29,28
275,0.31,0.85,1.29,61,74,68
276,0.68,1.67,1.17,44,100,73
277,0.87,0.6,0.24,27,43,77
278,1.06,0.28,0.66,40,72,93
279,0.56,0.19,1.27,67,96,62
280,0.93,0.68,0.06,77,1,50
281,0.83,0.19,0.67,23,43,20
282,0.11,1.09,0.21,47,70,95
283,0.96,0.02,0.71,9,40,24
284,1.84,1.71,1.12,69,100,37
285,0.61,0.21,0.82,96,51,74
286,1.17,0.59,1.53,82,94,76
287,1.08,1.07,0.51,75,12,10
288,0.11,0.7,1.01,14,17,66
289,1.04,0.72,0.93,11,84,86
290,1.45,0.71,1.65,45,50,48
291,0.72,0.22,2.0,2,98,17
292,0.25,1.88,1.34,17,87,33
293,1.6,0.93,1.53,80,21,50
294,1.87,1.76,0.88,93,14,69
295,1.45,0.5,0.86,43,9,47
296,1.65,0.83,1.37,18,51,8
297,1.77,1.39,0.47,81,60,71
298,0.54,1.54,0.14,87,20,39
299,1.36,1.04,1.18,97,65,95
300,0.1,0.04,0.81,60,98,98
301,1.9,0.67,1.69,93,45,51
302,1.73,0.32,0.07,93,16,40
303,1.82,0.92,1.38,97,44,44
304,0.93,1.72,1.26,54,97,7
305,1.17,1.6,0.04,13,26,72
306,0.32,1.24,0.23,93,61,78
307,0.41,1.31,0.03,50,37,13
308,0.85,1.31,0.24,5,100,59
309,0.94,0.8,0.68,98,57,79
310,1.31,0.37,0.82,85,75,40
311,1.32,1.45,1.17,9,5,12
312,0.37,1.55,1.8,56,90,98
313,1.39,0.97,0.72,24,58,69
314,0.13,1.49,0.48,50,70,61
315,0.57,1.43,1.57,76,1,62
316,1.4,0.93,1.78,68,15,57
317,0.54,0.7,1.62,12,56,19
318,1.6,1.23,1.23,20,32,24
319,0.2,0.33,1.65,24,66,46
320,1.86,0.84,0.9,71,2,32
321,0.91,0.85,0.62,97,75,56
322,1.48,0.68,0.1,52,63,68
323,1.12,0.52,1.48,4,7,64
324,0.29,0.82,0.36,89,63,76
325,0.11,0.07,1.83,64,85,49
326,1.87,1.65,0.1,51,64,18
327,1.92,1.62,0.93,74,65,69
328,1.84,1.57,1.19,15,43,52
329,1.25,0.51,1.04,99,52,14
330,1.86,0.31,1.24,71,10,82
331,1.76,0.18,0.61,29,95,51
332,0.6,1.32,0.27,9,55,29
333,0.51,1.72,0.56,18,43,90
334,1.03,0.01,1.74,41,17,88
335,1.58,1.96,1.35,57,9,90
336,0.04,1.73,0.76,91,47,51
337,1.05,1.54,0.97,32,24,19
338,1.41,1.37,1.7,51,33,53
339,0.38,1.2,0.96,65,41,94
340,1.26,0.12,0.21,77,62,50
341,1.4,0.68,0.0,13,84,80
342,1.21,1.58,0.38,65,84,47
343,1.76,1.31,0.74,70,76,88
344,1.21,1.3,1.71,53,89,11
345,0.67,0.28,1.96,73,4,62
346,0.99,0.78,0.02,15,9,75
347,0.6,1.34,1.47,95,90,50
348,1.22,0.51,0.89,27,86,33
349,1.55,1.83,0.51,67,32,40
350,0.71,0.98,1.45,12,77,32
351,1.28,0.72,1.43,79,1,48
352,0.1,1.14,0.22,98,41,56
353,1.55,0.75,0.03,83,73,61
354,1.87,1.11,1.39,11,68,32
355,0.35,1.55,0.82,14,12,7
356,1.38,0.96,1.13,53,96,13
357,0.65,0.43,0.49,20,6,34
358,0.22,0.2,0.14,61,93,10
359,0.4,0.74,0.98,82,68,7
360,1.9,0.11,1.11,24,88,81
361,1.24,1.37,1.33,40,12,45
362,0.65,1.79,1.91,84,3,16
363,0.52,1.3,0.03,91,84,94
364,1.16,0.3,0.0,36,28,99
365,0.89,1.25,1.53,15,66,6
366,0.02,0.45,0.77,11,17,71
367,1.31,0.37,1.2,50,28,80
368,1.88,0.11,1.67,46,20,28
369,1.01,0.86,0.58,47,54,7
370,0.95,0.56,0.71,52,9,19
371,0.73,1.14,1.17,10,47,97
372,1.72,0.31,1.43,77,47,18
373,0.23,1.3,0.17,68,23,90
374,0.21,1.52,1.56,1,96,41
375,1.72,1.44,1.6,42,6,41
376,1.14,1.54,0.49,30,46,44
377,1.48,1.74,0.25,88,6,39
378,0.91,1.8,0.05,93,33,52
379,1.38,0.62,1.6,70,9,88
380,1.03,1.73,1.7,58,47,32
381,0.94,0.71,0.94,16,49,41
382,0.41,0.75,0.4,19,70,52
383,1.56,0.97,0.88,87,61,76
384,1.4,0.48,1.72,35,74,30
385,1.62,1.31,0.65,75,62,68
386,0.06,1.34,0.57,63,33,97
387,1.8,1.09,1.62,99,39,5
388,0.91,0.25,0.81,49,29,62
389,0.37,1.14,1.37,39,77,30
390,0.38,0.17,0.27,82,51,10
391,0.99,0.73,0.3,67,3,27
392,0.51,0.86,0.66,9,29,94
393,1.05,1.04,1.51,94,40,13
394,1.27,0.92,0.97,41,36,56
395,0.23,1.08,0.35,31,92,66
396,1.66,0.58,0.23,1,46,5
397,1.47,0.8,0.75,13,32,20
398,0.3,0.66,1.83,62,18,39
399,1.81,0.92,0.95,100,95,32
400,0.23,0.83,1.31,40,42,79
401,1.71,1.72,1.24,13,53,55
402,0.24,1.74,0.5,55,42,21
403,0.83,0.82,1.52,81,86,80
404,0.85,0.43,0.81,77,8,100
405,1.66,1.35,0.71,72,96,8
406,1.52,1.84,0.8,28,36,41
407,1.48,1.67,0.84,19,27,69
408,0.6,0.99,1.49,35,51,32
409,1.91,0.33,0.6,83,18,31
410,1.84,0.3,1.23,11,78,86
411,1.49,1.43,1.52,79,47,25
412,0.27,0.84,0.44,2,8,9
413,0.24,0.69,0.87,89,13,6
414,0.9,0.09,1.11,47,86,99
415,1.61,0.26,0.91,2,13,29
416,1.81,1.54,0.78,94,63,24
417,1.38,1.57,1.31,25,44,85
418,1.83,1.33,1.29,83,63,80
419,1.54,0.02,0.41,13,55,92
420,1.74,0.02,1.85,62,50,34
421,1.05,1.71,0.02,92,36,64
422,0.83,0.54,1.43,44,36,27
423,1.41,0.13,1.36,87,29,68
424,0.01,0.17,0.63,47,89,68
425,1.97,1.57,1.34,74,29,31
426,1.82,0.8,0.55,45,54,36
427,0.01,0.97,1.25,56,78,26
428,0.37,1.85,1.14,63,27,32
429,0.88,0.11,1.79,23,55,65
430,1.61,1.21,1.03,50,68,77
431,0.85,1.59,0.85,11,12,6
432,1.37,1.32,0.65,98,61,67
433,1.08,0.18,1.83,57,51,94
434,1.29,0.68,1.58,96,32,91
435,1.66,1.04,0.85,22,79,94
436,1.64,1.83,0.07,95,42,78
437,0.56,1.51,0.36,92,21,65
438,1.65,1.49,1.02,28,69,85
439,0.69,0.11,0.61,18,14,19
440,1.64,0.49,0.42,85,51,29
441,1.69,1.36,0.66,53,23,4
442,0.92,0.38,0.43,15,46,90
443,0.33,0.35,0.17,25,54,19
444,1.74,1.72,0.71,67,60,89
445,0.31,1.03,0.9,33,74,97
446,1.65,1.97,0.58,65,48,75
447,1.85,1.36,0.66,13,76,27
448,0.33,1.5,1.61,92,66,77
449,0.7,1.03,1.67,29,73,87
450,0.32,0.47,0.54,58,86,31
451,0.04,0.64,0.67,61,88,61
452,1.75,1.08,1.17,4,56,16
453,1.69,0.97,1.1,69,38,46
454,0.21,0.22,1.39,74,44,38
455,1.15,0.99,0.18,66,64,44
456,1.59,1.13,0.54,10,19,42
457,0.99,1.71,1.94,59,37,49
458,0.07,0.7,0.52,23,22,31
459,1.33,1.88,1.34,42,89,9
460,0.16,1.95,0.58,83,24,31
461,1.79,1.11,1.73,61,17,49
462,1.2,0.78,1.95,40,95,62
463,0.98,1.27,0.64,38,31,2
464,0.79,1.71,0.46,75,72,79
465,1.3,1.04,0.58,75,73,60
466,0.92,0.51,0.95,84,96,37
467,0.87,0.79,1.17,62,43,67
468,0.79,1.24,1.2,77,14,9
469,0.58,0.11,0.5,80,59,96
470,1.02,1.06,1.45,22,72,24
471,1.75,0.91,0.85,92,96,32
472,1.18,0.76,0.75,80,32,56
473,1.76,0.89,1.98,41,76,75
474,0.46,0.87,0.44,11,65,23
475,0.21,1.09,0.24,15,12,13
476,0.43,1.26,1.57,26,59,67
477,1.31,1.32,0.81,96,71,7
478,0.57,0.45,1.97,79,72,34
479,0.76,0.24,1.67,11,73,41
480,0.96,1.85,1.92,79,37,52
481,0.44,0.58,1.17,55,50,7
482,0.28,0.64,0.65,93,47,28
483,1.78,1.99,1.09,86,58,80
484,1.21,0.8,0.18,6,95,84
485,1.99,0.29,1.41,27,95,74
486,1.25,0.9,0.88,83,95,71
487,1.24,1.39,1.6,21,1,11
488,1.22,1.71,0.91,38,80,55
489,0.41,0.17,1.94,90,82,13
490,0.44,0.99,0.83,49,69,100
491,0.05,1.42,0.6,57,69,4
492,0.6,0.52,1.47,9,88,42
493,1.66,0.86,0.32,46,28,94
494,0.09,0.48,1.46,6,67,3
495,1.16,0.58,0.58,19,28,66
496,0.38,0.14,0.74,44,4,61
497,1.0,1.74,0.21,23,75,88
498,1.64,0.12,0.68,65,92,77
499,1.88,0.86,0.45,68,1,49
500,0.01,0.19,1.38,3,62,92
1,0.43,1.5,1.28,32,94,78
2,1.95,1.28,0.54,53,49,90
3,0.01,0.2,0.19,88,99,91
4,1.27,1.83,0.4,39,30,91
5,0.86,1.22,1.23,47,41,96
6,0.44,0.57,0.99,63,89,69
7,1.56,0.17,0.65,89,81,24
8,1.31,1.31,1.51,98,83,96
9,0.54,1.66,0.95,29,14,79
10,1.59,0.68,0.53,90,99,63
11,0.5,1.72,0.43,100,14,6
12,0.88,1.22,1.4,41,46,2
13,0.63,1.87,0.03,19,31,83
14,1.7,1.92,0.64,51,33,55
15,0.63,0.12,1.71,99,5,73
16,1.35,0.75,1.05,92,13,27
17,0.66,0.26,0.51,16,25,13
18,0.52,1.96,0.97,63,78,50
19,1.92,0.33,1.19,87,22,27
20,0.99,1.99,1.57,13,83,59
21,0.94,1.66,1.96,20,18,82
22,1.9,1.5,1.82,87,53,54
23,1.15,1.15,0.67,69,31,70
24,1.41,0.47,0.62,89,18,66
25,1.81,1.27,1.57,59,53,25
26,0.34,1.66,0.04,47,100,86
27,0.33,2.0,0.75,33,8,23
28,1.63,0.09,1.68,5,55,40
29,0.06,1.7,1.33,45,69,9
30,0.43,0.39,0.03,50,1,98
31,0.7,0.21,1.92,42,39,66
32,0.68,0.78,1.81,15,65,21
33,0.96,1.16,0.84,82,81,49
34,0.25,1.62,0.2,28,1,40
35,0.54,1.96,0.52,98,99,43
36,0.2,0.04,1.51,32,75,21
37,0.36,0.85,1.6,85,29,85
38,1.08,1.87,1.82,47,85,44
39,1.75,1.24,0.74,72,100,71
40,0.11,0.65,0.43,29,63,4
41,1.17,0.93,0.29,46,6,70
42,1.65,1.43,0.54,4,43,66
43,0.37,1.02,1.76,34,71,38
44,0.48,1.91,1.78,21,55,39
45,0.4,1.93,1.48,66,42,68
46,1.75,0.66,1.32,94,55,99
47,1.71,1.87,1.16,13,23,61
48,0.39,1.03,0.66,8,86,13
49,1.21,1.05,1.2,55,9,85
50,1.27,1.14,1.47,2,80,86
51,1.91,1.45,1.69,71,26,62
52,0.9,0.8,1.56,33,19,77
53,1.51,1.2,1.29,42,29,40
54,1.32,1.97,1.98,19,56,47
55,0.84,1.09,0.88,49,2,54
56,0.78,1.39,1.84,55,69,31
57,1.47,1.25,1.88,91,78,42
58,0.77,1.11,1.47,19,8,43
59,1.63,1.62,1.5,81,52,81
60,1.44,1.12,0.68,35,73,71
61,1.47,1.6,0.53,95,86,89
62,1.99,1.8,1.72,65,96,35
63,0.4,0.5,0.95,56,36,2
64,0.5,0.05,0.15,1,16,50
65,0.36,1.18,0.5,42,9,39
66,0.63,0.12,1.74,89,2,22
67,0.8,1.06,0.27,88,10,23
68,0.89,0.94,0.44,28,39,61
69,1.91,0.83,0.37,85,9,17
70,0.55,1.56,1.76,33,11,18
71,1.16,1.01,1.01,45,37,96
72,0.11,1.15,1.49,80,28,45
73,1.9,0.7,1.51,76,19,95
74,0.81,1.19,0.98,72,15,82
75,0.45,1.26,1.42,14,11,92
76,1.51,0.89,1.11,46,62,7
77,0.1,1.72,1.06,4,75,58
78,1.36,1.91,0.82,96,78,20
79,0.9,0.8,0.72,82,79,2
80,0.8,1.03,0.46,1,49,49
81,0.45,0.72,0.96,80,62,4
82,0.85,0.12,1.15,60,56,46
83,0.84,1.53,1.22,42,79,29
84,0.66,0.98,0.56,89,45,22
85,1.02,0.52,1.49,12,2,26
86,1.85,0.78,0.94,95,47,92
87,1.69,1.34,1.63,77,68,42
88,1.98,0.35,0.51,53,92,9
89,0.96,1.29,1.96,4,39,31
90,0.57,0.67,0.38,35,1,47
91,1.98,1.02,0.97,99,41,29
92,0.09,1.3,1.88,9,27,100
93,1.26,1.98,0.35,13,88,18
94,0.79,1.19,0.81,83,89,84
95,0.37,0.98,0.8,48,75,64
96,0.76,1.61,1.84,41,38,61
97,0.79,0.5,1.18,78,97,98
98,0.08,0.1,0.16,89,49,33
99,0.6,1.39,0.19,33,3,4
100,0.46,0.12,1.18,68,13,6
101,0.28,1.09,1.64,51,41,16
102,1.61,0.95,0.63,85,26,62
103,1.19,1.02,0.55,90,97,73
104,1.32,0.69,1.05,47,68,16
105,1.44,1.73,0.35,58,71,71
106,0.29,0.52,0.22,36,45,95
107,0.52,1.61,0.74,100,58,54
108,0.28,1.59,0.89,25,95,61
109,0.65,0.24,1.53,44,42,98
110,1.58,0.34,0.02,27,14,67
111,1.74,1.11,1.62,46,28,70
112,0.72,1.16,1.76,27,31,47
113,1.59,1.06,1.59,64,52,86
114,1.88,0.82,1.74,61,99,5
115,0.32,0.58,0.94,14,82,23
116,1.13,0.91,0.51,41,21,51
117,1.4,0.65,1.4,76,66,95
118,0.14,0.6,0.33,18,42,69
119,1.59,0.78,1.14,62,90,35
120,1.1,0.15,0.05,64,81,2
121,0.07,1.29,0.61,60,59,95
122,0.43,0.42,0.28,62,22,41
123,1.33,1.87,0.58,14,44,97
124,1.27,1.08,1.5,37,89,14
125,1.37,1.09,0.77,25,29,48
126,1.15,1.44,0.79,36,70,31
127,1.23,1.26,1.53,57,91,53
128,0.44,1.14,0.31,59,34,42
129,0.41,1.8,0.3,91,35,90
130,1.54,1.52,0.61,34,70,34
131,1.51,0.55,1.41,45,60,37
132,1.49,1.62,0.76,13,53,35
133,0.79,1.98,1.79,24,89,1
134,0.41,0.75,0.93,74,26,51
135,1.18,0.1,1.75,67,59,14
136,0.08,1.05,0.88,89,72,86
137,0.66,0.36,1.05,93,17,74
138,0.1,0.67,1.36,28,66,1
139,0.29,1.68,0.72,3,72,69
140,1.88,1.28,1.7,54,18,30
141,1.42,1.04,0.45,16,45,1
142,0.06,1.57,1.97,7,34,69
143,0.42,1.96,1.2,81,99,45
144,0.48,0.65,1.38,80,47,96
145,1.87,0.3,1.71,44,17,31
146,1.23,0.6,0.09,16,11,28
147,1.89,1.61,1.28,96,18,51
148,0.6,1.31,1.2,38,29,48
149,0.5,0.1,0.25,13,50,30
150,0.85,1.07,0.66,15,95,57
151,0.4,1.43,1.74,90,2,62
152,0.7,1.19,0.71,13,37,66
153,0.66,0.17,0.95,13,23,62
154,0.93,1.68,0.05,51,58,81
155,0.31,1.92,0.99,67,64,19
156,0.93,1.03,1.14,83,91,70
157,1.6,0.24,0.42,72,44,32
158,1.83,0.42,1.66,62,79,12
159,1.16,1.29,0.8,49,18,82
160,0.61,0.36,0.66,62,48,17
161,0.73,0.11,1.86,29,92,23
162,0.64,0.87,0.2,87,39,52
163,0.57,1.59,0.02,73,43,79
164,0.99,1.29,1.29,13,19,59
165,1.82,1.43,1.06,8,62,81
166,1.37,1.12,1.44,70,47,49
167,0.97,1.02,1.86,56,93,14
168,0.01,1.17,1.07,82,66,33
169,1.19,0.41,0.73,88,44,31
170,1.84,1.9,0.08,29,19,62
171,1.03,0.07,0.35,88,98,21
172,1.5,0.37,0.14,36,49,22
173,0.81,0.24,0.03,67,65,28
174,1.94,1.9,1.28,59,35,82
175,0.63,1.63,1.97,81,6,2
176,0.39,0.7,0.37,72,2,55
177,0.65,1.0,0.39,23,41,65
178,1.53,0.47,0.24,52,44,74
179,1.2,0.74,1.03,37,87,12
180,0.7,1.31,1.57,89,71,63
181,0.89,0.37,1.97,50,41,63
182,1.58,0.75,0.82,10,94,30
183,0.3,1.06,0.93,8,99,2
184,1.33,0.24,0.76,59,71,24
185,0.87,1.69,1.51,37,16,72
186,1.44,0.92,1.42,33,38,42
187,0.32,1.33,0.9,96,71,22
188,0.93,1.08,1.77,76,70,21
189,1.54,0.86,1.38,100,56,46
190,0.26,1.06,1.38,45,87,33
191,0.03,1.16,0.52,34,15,56
192,0.78,0.79,0.97,69,66,10
193,0.17,1.41,1.83,21,3,94
194,0.02,1.78,0.77,56,34,4
195,1.47,0.98,0.21,33,37,40
196,0.8,0.2,1.33,83,25,51
197,0.4,1.11,0.63,6,69,94
198,1.4,0.96,0.74,60,4,29
199,0.63,0.83,1.84,62,57,61
200,0.91,1.15,1.64,18,10,48
201,0.38,1.54,1.67,51,18,23
202,0.07,0.88,0.78,12,65,20
203,1.26,1.0,0.92,26,48,4
204,0.32,1.24,1.32,21,90,79
205,1.24,1.18,1.01,80,10,13
206,1.99,1.7,0.68,3,23,100
207,1.49,0.49,0.33,75,92,69
208,1.46,1.35,1.74,19,18,32
209,0.66,0.25,0.63,87,74,4
210,1.61,0.84,1.99,1,28,33
211,1.49,1.5,1.18,12,2,44
212,1.5,1.32,0.4,23,2,12
213,0.67,1.92,1.37,28,40,81
214,0.21,0.93,0.16,73,72,11
215,0.33,1.94,1.61,59,63,60
216,0.69,0.27,0.62,23,53,53
217,1.64,0.95,0.17,96,8,80
218,0.15,1.2,1.34,50,16,26
219,0.99,0.43,1.66,28,53,36
220,1.8,1.0,1.97,15,72,33
221,1.97,0.73,1.26,15,50,51
222,1.89,1.77,0.87,65,64,80
223,0.27,0.04,0.89,63,19,33
224,1.26,1.41,1.95,1,50,89
225,0.86,0.88,1.4,99,30,74
226,0.43,1.95,1.93,38,12,74
227,0.05,0.89,0.63,1,52,34
228,0.32,1.12,0.64,34,4,97
229,0.32,1.85,1.67,76,29,2
230,0.53,0.32,0.1,3,57,35
231,0.12,1.8,1.96,34,99,5
232,1.2,0.35,0.78,21,12,75
233,1.66,1.44,1.48,76,23,70
234,1.3,1.88,1.06,68,98,87
235,1.76,1.65,0.2,74,66,23
236,1.75,0.14,1.74,1,85,96
237,0.76,0.81,1.88,13,11,90
238,1.61,0.75,1.66,80,14,76
239,1.23,1.46,1.59,96,51,3
240,1.42,0.65,1.79,60,78,55
241,0.08,1.76,1.55,4,1,50
242,1.37,1.6,0.94,15,81,94
243,0.82,1.55,1.51,89,36,1
244,0.55,0.17,0.63,46,6,46
245,0.24,0.92,0.75,98,55,63
246,0.7,0.43,0.31,31,98,48
247,0.86,0.32,0.05,91,70,14
248,0.59,1.74,0.32,81,84,53
249,1.02,1.05,0.0,10,41,99
250,1.25,1.26,0.78,37,84,1
251,0.13,0.73,0.44,42,52,23
252,1.5,0.39,1.72,13,41,89
253,0.24,1.43,0.76,4,26,23
254,1.18,1.22,1.91,85,52,21
255,0.45,1.91,0.08,72,41,89
256,1.06,1.62,1.54,80,99,71
257,1.65,1.85,1.13,42,88,18
258,1.09,0.27,0.23,30,2,44
259,0.96,0.41,0.88,4,84,29
260,1.97,0.15,0.84,94,90,94
261,0.31,0.23,0.11,3,92,91
262,0.69,0.15,1.34,91,82,13
263,1.18,1.0,1.06,97,41,3
264,1.3,1.88,0.25,28,59,53
265,0.0,0.94,0.76,92,28,3
266,0.4,1.2,0.98,21,13,97
267,1.78,0.35,1.17,22,86,64
268,0.95,1.63,0.36,49,12,73
269,1.12,1.24,1.51,31,68,3
270,0.27,1.17,1.5,66,52,75
271,0.48,1.5,0.98,9,71,69
272,0.44,0.72,1.27,35,26,74
273,1.11,1.08,1.88,73,10,4
274,0.18,1.99,1.9,93,27,23
275,0.31,0.02,1.29,25,25,3
276,1.59,0.04,1.7,64,70,94
277,1.0,1.88,1.55,26,24,89
278,0.19,1.71,0.38,34,42,95
279,0.93,0.95,1.85,3,51,35
280,1.52,1.42,0.2,80,64,22
281,0.01,0.6,1.18,61,59,31
282,1.23,0.15,1.19,100,53,1
283,0.98,0.99,0.69,7,82,11
284,1.52,1.84,1.21,81,73,68
285,0.62,0.24,1.9,22,1,1
286,0.24,1.19,0.08,15,47,15
287,0.62,0.71,0.48,21,1,18
288,1.19,0.59,0.88,88,56,80
289,1.96,1.22,0.53,90,98,38
290,1.69,1.69,0.26,40,43,79
291,1.12,1.65,0.01,98,72,73
292,1.55,0.99,0.07,98,85,49
293,0.44,0.86,0.1,80,27,45
294,0.12,1.77,1.77,82,73,54
295,0.85,1.06,0.22,52,92,57
296,1.24,0.08,1.67,82,12,43
297,1.24,1.63,1.99,98,97,8
298,1.78,1.9,0.67,95,18,23
299,0.63,1.59,1.32,85,34,26
300,1.19,1.36,1.05,50,17,30
301,0.06,1.89,0.93,17,83,93
302,0.0,0.49,0.03,4,13,9
303,1.82,1.51,1.31,61,100,14
304,0.34,0.86,0.49,41,55,24
305,0.17,1.33,1.13,81,97,100
306,0.81,1.04,1.55,71,81,69
307,1.17,0.6,1.19,72,53,33
308,0.37,0.18,1.38,58,49,59
309,1.73,1.41,0.32,12,44,50
310,1.59,0.25,0.21,88,62,20
311,1.81,0.55,0.24,36,91,20
312,1.86,0.65,1.34,50,82,45
313,0.93,0.44,1.92,80,64,7
314,0.29,1.47,1.42,12,79,53
315,0.67,0.76,1.82,37,73,98
316,0.21,1.19,1.19,88,7,61
317,0.99,0.09,1.96,64,14,51
318,1.64,1.42,0.53,73,3,34
319,1.82,0.42,1.51,50,9,25
320,0.97,0.88,0.86,58,85,11
321,1.83,0.59,1.33,3,68,49
322,0.38,0.72,0.41,38,6,17
323,0.43,1.23,1.08,7,79,83
324,0.54,1.9,0.72,80,24,15
325,1.2,0.76,1.1,1,85,75
326,1.05,0.4,0.59,55,70,45
327,1.05,0.9,0.63,16,86,21
328,1.0,0.56,0.27,53,90,67
329,0.94,0.63,0.37,52,43,79
330,0.67,0.7,1.37,8,53,24
331,0.32,1.57,0.9,47,90,79
332,1.75,0.37,0.18,1,79,45
333,0.41,0.17,0.4,56,82,34
334,1.93,1.45,0.79,47,60,23
335,0.94,1.11,0.71,89,30,83
336,1.81,0.43,1.0,47,45,61
337,1.77,1.96,1.97,54,61,2
338,0.92,1.67,1.6,10,22,33
339,1.67,1.02,1.95,13,88,26
340,0.93,1.57,0.04,93,56,45
341,1.33,1.17,1.97,52,30,3
342,1.46,1.29,1.04,66,22,97
343,1.0,0.24,0.69,63,23,16
344,0.52,0.45,1.32,23,75,98
345,1.9,1.63,1.44,85,13,53
346,0.34,0.21,1.95,62,91,71
347,0.48,1.74,1.28,14,99,1
348,1.45,0.55,0.52,79,15,4
349,0.82,0.48,1.0,95,77,14
350,1.8,0.77,0.96,53,96,56
351,0.78,1.51,1.15,53,65,59
352,0.15,1.18,1.34,86,33,34
353,1.61,1.17,1.81,34,50,90
354,1.2,0.04,1.39,40,80,3
355,0.35,0.05,1.93,59,52,69
356,0.2,1.68,0.01,21,33,69
357,1.77,1.56,0.36,8,76,64
358,1.75,1.51,0.82,19,21,86
359,0.96,1.23,1.5,98,36,43
360,1.46,1.12,1.77,38,12,23
361,1.89,0.05,1.23,90,23,55
362,0.06,1.94,0.08,9,6,88
363,1.14,0.97,0.02,16,78,23
364,1.93,0.74,0.88,4,32,43
365,1.41,1.3,1.96,10,25,23
366,1.92,0.28,1.02,48,71,25
367,1.82,0.08,1.57,92,21,52
368,1.34,1.37,1.03,6,11,41
369,1.2,0.12,1.65,97,2,50
370,0.33,1.73,0.3,73,63,80
371,1.48,1.29,0.65,37,2,1
372,0.05,0.72,0.24,5,89,98
373,1.31,0.16,1.56,86,54,40
374,0.01,1.9,1.81,37,46,32
375,0.61,1.37,1.49,90,19,99
376,0.3,1.67,0.88,65,74,34
377,1.48,0.07,1.66,2,26,82
378,0.05,0.87,1.5,47,5,95
379,1.53,1.21,1.91,56,4,36
380,0.0,1.14,1.05,32,14,67
381,1.99,0.5,0.14,20,15,20
382,0.03,0.25,1.31,58,36,15
383,0.38,1.59,1.93,82,74,19
384,0.91,0.55,1.64,56,75,68
385,0.16,1.62,1.62,55,35,50
386,1.91,1.45,1.01,27,72,47
387,0.9,0.09,0.47,89,38,23
388,0.34,1.56,2.0,19,18,34
389,1.51,1.06,1.98,22,4,13
390,1.93,1.75,0.26,69,44,51
391,0.56,0.44,1.99,20,56,13
392,1.89,1.63,0.07,1,6,40
393,0.82,1.74,0.5,24,21,96
394,1.5,0.39,1.96,94,79,74
395,0.78,0.75,0.23,19,16,66
396,0.17,1.52,0.65,67,70,74
397,0.79,1.29,0.49,29,21,1
398,0.09,0.4,0.62,1,37,25
399,1.74,0.41,1.55,37,61,97
400,0.79,1.79,0.54,49,1,80
401,1.05,1.62,0.03,96,38,80
402,1.11,1.78,0.58,97,95,69
403,1.24,0.74,1.21,51,34,4
404,0.72,1.77,1.09,16,17,78
405,1.76,0.74,1.04,28,18,88
406,1.41,0.46,0.99,98,11,96
407,1.74,1.14,0.84,41,13,48
408,1.56,1.94,1.76,9,61,8
409,0.87,0.58,1.0,37,40,14
410,1.19,1.9,1.42,61,93,62
411,1.12,1.66,1.22,69,32,20
412,0.14,1.85,1.82,35,56,26
413,1.58,0.08,0.93,90,1,85
414,0.85,1.87,1.9,16,80,10
415,1.42,1.56,0.56,35,77,57
416,1.45,0.45,0.52,19,84,52
417,1.29,1.45,0.32,86,71,55
418,0.85,0.44,0.63,21,5,25
419,1.85,1.84,0.35,25,60,15
420,1.72,0.36,1.7,58,61,86
421,1.12,1.54,0.97,48,34,11
422,0.03,0.01,2.0,13,100,42
423,1.14,0.46,1.43,6,95,26
424,0.49,1.91,1.46,42,93,66
425,1.15,1.21,0.28,70,29,46
426,1.3,0.58,1.06,36,34,100
427,1.73,0.51,0.9,32,5,45
428,1.47,1.74,0.58,73,14,8
429,1.08,1.86,0.65,58,84,13
430,0.51,1.63,1.26,74,90,60
431,1.42,0.33,1.16,48,13,79
432,1.28,0.98,1.02,72,32,23
433,1.7,1.9,0.95,2,22,45
434,0.16,1.02,0.69,21,39,58
435,1.3,0.69,1.38,90,39,87
436,0.84,0.79,0.99,96,86,68
437,1.08,1.35,1.28,91,90,36
438,0.79,0.51,1.82,8,13,7
439,1.31,0.67,0.11,90,67,37
440,0.24,0.86,0.97,86,11,21
441,1.55,1.47,1.48,94,7,9
442,0.8,1.93,1.42,64,82,82
443,1.45,1.47,1.7,15,92,83
444,0.54,0.54,0.73,30,22,17
445,1.89,0.98,0.61,50,48,48
446,0.79,0.2,0.45,6,14,54
447,1.26,0.38,1.42,70,45,99
448,1.15,0.54,0.32,14,56,72
449,1.27,1.28,1.64,43,75,1
450,1.64,1.14,0.53,27,81,38
451,1.42,1.01,1.49,37,46,57
452,0.15,1.43,1.47,55,31,41
453,0.26,0.51,0.87,5,54,87
454,1.98,1.7,0.3,87,51,63
455,0.44,1.76,0.34,70,79,58
456,1.13,1.65,1.94,7,75,6
457,1.26,1.79,1.37,33,85,96
458,0.6,0.51,0.19,61,1,33
459,1.75,1.61,1.39,44,29,76
460,1.26,0.91,0.88,12,45,96
461,0.0,0.64,0.5,93,64,68
462,1.59,0.44,1.37,23,27,17
463,0.51,1.32,0.53,47,54,87
464,1.16,1.71,0.63,80,53,87
465,1.65,1.31,1.07,89,1,88
466,0.24,0.57,0.5,80,54,16
467,0.1,0.62,1.06,17,100,74
468,1.47,1.66,1.01,53,67,20
469,1.55,0.31,1.0,88,21,100
470,0.69,1.49,0.33,5,7,28
471,0.19,0.7,0.94,74,31,22
472,0.17,1.91,1.81,48,54,29
473,0.97,0.09,1.35,31,17,46
474,1.26,1.99,0.19,90,65,32
475,1.12,1.19,0.05,57,31,4
476,1.8,1.05,1.36,16,53,84
477,1.05,1.88,1.7,38,8,13
478,1.57,0.4,0.29,38,96,13
479,0.63,0.23,1.26,21,7,60
480,1.15,1.34,1.4,65,19,94
481,1.16,1.51,0.95,4,96,96
482,0.49,1.34,0.28,73,47,47
483,0.63,1.06,1.99,57,61,90
484,1.29,1.01,0.79,68,34,48
485,0.42,1.21,1.57,63,52,72
486,0.8,1.08,0.14,11,69,39
487,0.45,0.29,0.12,29,49,75
488,1.95,1.14,0.98,22,97,64
489,0.17,0.19,0.59,26,64,81
490,1.41,1.24,1.96,97,7,63
491,1.24,0.94,1.92,69,80,60
492,0.78,1.2,1.82,24,72,20
493,1.38,1.63,0.57,10,45,79
494,1.11,0.64,1.2,8,48,94
495,0.07,0.97,0.17,27,24,64
496,1.15,1.58,0.65,13,40,89
497,0.1,0.37,0.51,64,20,43
498,1.78,0.23,1.35,23,79,40
499,1.39,0.75,0.3,64,9,86
500,1.9,1.59,0.27,27,78,15
