1,-0.09,0.22,0.88,nan,0.0,0.0
2,-0.09,0.22,0.88,nan,0.0,0.0
3,-0.09,0.22,0.88,nan,0.0,0.0
4,-0.09,0.22,0.88,nan,0.0,0.0
5,-0.09,0.22,0.88,nan,0.0,0.0
6,-0.09,0.22,0.88,nan,0.0,0.0
7,-0.09,0.22,0.88,nan,0.0,0.0
8,-0.09,0.22,0.88,nan,0.0,0.0
9,-0.11,0.25,0.96,nan,0.0,0.0
10,-0.11,0.25,0.96,nan,0.0,0.0
11,-0.11,0.25,0.96,nan,0.0,0.0
12,-0.11,0.25,0.96,nan,0.0,0.0
13,-0.11,0.25,0.96,nan,0.0,0.0
14,-0.11,0.25,0.96,nan,0.0,0.0
15,-0.11,0.25,0.96,nan,0.0,0.0
16,-0.12,0.23,0.98,nan,0.0,0.0
17,-0.12,0.23,0.98,nan,0.0,0.0
18,-0.12,0.23,0.98,nan,0.0,0.0
19,-0.12,0.23,0.98,nan,0.0,0.0
20,-0.12,0.23,0.98,nan,0.0,0.0
21,-0.12,0.23,0.98,nan,0.0,0.0
22,-0.12,0.18,1.0,nan,0.0,0.0
23,-0.12,0.18,1.0,nan,0.0,0.0
24,-0.12,0.18,1.0,nan,0.0,0.0
25,-0.12,0.18,1.0,nan,0.0,0.0
26,-0.12,0.18,1.0,nan,0.0,0.0
27,-0.12,0.18,1.0,nan,0.0,0.0
28,-0.12,0.18,1.0,nan,0.0,0.0
29,-0.12,0.18,1.0,nan,0.0,0.0
30,-0.13,0.15,1.03,nan,0.0,0.0
31,-0.13,0.15,1.03,nan,0.0,0.0
32,-0.13,0.15,1.03,nan,0.0,0.0
33,-0.13,0.15,1.03,nan,0.0,0.0
34,-0.13,0.15,1.03,nan,0.0,0.0
35,-0.13,0.15,1.03,nan,0.0,0.0
36,-0.13,0.15,1.03,nan,0.0,0.0
37,-0.13,0.15,1.03,nan,0.0,0.0
38,-0.13,0.15,1.03,nan,0.0,0.0
39,-0.11,0.14,1.06,nan,0.0,0.0
40,-0.11,0.14,1.06,nan,0.0,0.0
41,-0.11,0.14,1.06,nan,0.0,0.0
42,-0.11,0.14,1.06,nan,0.0,0.0
43,-0.11,0.14,1.06,nan,0.0,0.0
44,-0.11,0.14,1.06,nan,0.0,0.0
45,-0.11,0.14,1.06,nan,0.0,0.0
46,-0.11,0.14,1.06,nan,0.0,0.0
47,-0.11,0.14,1.06,nan,0.0,0.0
48,-0.11,0.13,1.07,nan,0.0,0.0
49,-0.11,0.13,1.07,nan,0.0,0.0
50,-0.11,0.13,1.07,nan,0.0,0.0
51,-0.11,0.13,1.07,nan,0.0,0.0
52,-0.11,0.13,1.07,nan,0.0,0.0
53,-0.11,0.13,1.07,nan,0.0,0.0
54,-0.11,0.13,1.07,nan,0.0,0.0
55,-0.11,0.13,1.07,nan,0.0,0.0
56,-0.11,0.13,1.07,nan,0.0,0.0
57,-0.11,0.13,1.07,nan,0.0,0.0
58,-0.11,0.17,1.05,nan,0.0,0.0
59,-0.11,0.17,1.05,nan,0.0,0.0
60,-0.11,0.17,1.05,nan,0.0,0.0
61,-0.11,0.17,1.05,nan,0.0,0.0
62,-0.11,0.17,1.05,nan,0.0,0.0
63,-0.11,0.17,1.05,nan,0.0,0.0
64,-0.11,0.17,1.05,nan,0.0,0.0
65,-0.1,0.15,1.02,nan,0.0,0.0
66,-0.1,0.15,1.02,nan,0.0,0.0
67,-0.1,0.15,1.02,nan,0.0,0.0
68,-0.1,0.15,1.02,nan,0.0,0.0
69,-0.1,0.15,1.02,nan,0.0,0.0
70,-0.1,0.15,1.02,nan,0.0,0.0
71,-0.1,0.15,1.02,nan,0.0,0.0
72,-0.1,0.15,1.02,nan,0.0,0.0
73,-0.1,0.15,1.02,nan,0.0,0.0
74,-0.1,0.16,0.99,nan,0.0,0.0
75,-0.1,0.16,0.99,nan,0.0,0.0
76,-0.1,0.16,0.99,nan,0.0,0.0
77,-0.1,0.16,0.99,nan,0.0,0.0
78,-0.1,0.16,0.99,nan,0.0,0.0
79,-0.1,0.16,0.99,nan,0.0,0.0
80,-0.1,0.16,0.99,nan,0.0,0.0
81,-0.1,0.16,0.99,nan,0.0,0.0
82,-0.1,0.16,0.99,nan,0.0,0.0
83,-0.07,0.15,0.95,nan,0.0,0.0
84,-0.07,0.15,0.95,nan,0.0,0.0
85,-0.07,0.15,0.95,nan,0.0,0.0
86,-0.07,0.15,0.95,nan,0.0,0.0
87,-0.07,0.15,0.95,nan,0.0,0.0
88,-0.07,0.15,0.95,nan,0.0,0.0
89,-0.07,0.15,0.95,nan,0.0,0.0
90,-0.07,0.15,0.95,nan,0.0,0.0
91,-0.08,0.15,0.95,nan,0.0,0.0
92,-0.08,0.15,0.95,nan,0.0,0.0
93,-0.08,0.15,0.95,nan,0.0,0.0
94,-0.08,0.15,0.95,nan,0.0,0.0
95,-0.08,0.15,0.95,nan,0.0,0.0
96,-0.08,0.15,0.95,nan,0.0,0.0
97,-0.08,0.15,0.95,nan,0.0,0.0
98,-0.08,0.15,0.95,nan,0.0,0.0
99,-0.08,0.15,0.95,nan,0.0,0.0
100,-0.1,0.15,0.93,nan,0.0,0.0
101,-0.1,0.15,0.93,nan,0.0,0.0
102,-0.1,0.15,0.93,nan,0.0,0.0
103,-0.1,0.15,0.93,nan,0.0,0.0
104,-0.1,0.15,0.93,nan,0.0,0.0
105,-0.1,0.15,0.93,nan,0.0,0.0
106,-0.1,0.15,0.93,nan,0.0,0.0
107,-0.1,0.15,0.93,nan,0.0,0.0
108,-0.1,0.15,0.93,nan,0.0,0.0
109,-0.11,0.15,0.92,nan,0.0,0.0
110,-0.11,0.15,0.92,nan,0.0,0.0
111,-0.11,0.15,0.92,nan,0.0,0.0
112,-0.11,0.15,0.92,nan,0.0,0.0
113,-0.11,0.15,0.92,nan,0.0,0.0
114,-0.11,0.15,0.92,nan,0.0,0.0
115,-0.11,0.15,0.92,nan,0.0,0.0
116,-0.09,0.11,0.91,nan,0.0,0.0
117,-0.09,0.11,0.91,nan,0.0,0.0
118,-0.09,0.11,0.91,nan,0.0,0.0
119,-0.09,0.11,0.91,nan,0.0,0.0
120,-0.09,0.11,0.91,nan,0.0,0.0
121,-0.09,0.11,0.91,nan,0.0,0.0
122,-0.09,0.11,0.91,nan,0.0,0.0
123,-0.09,0.11,0.91,nan,0.0,0.0
124,-0.09,0.11,0.91,nan,0.0,0.0
125,-0.09,0.11,0.91,nan,0.0,0.0
126,-0.13,0.17,0.93,nan,0.0,0.0
127,-0.13,0.17,0.93,nan,0.0,0.0
128,-0.13,0.17,0.93,nan,0.0,0.0
129,-0.13,0.17,0.93,nan,0.0,0.0
130,-0.13,0.17,0.93,nan,0.0,0.0
131,-0.13,0.17,0.93,nan,0.0,0.0
132,-0.13,0.17,0.93,nan,0.0,0.0
133,-0.13,0.17,0.93,nan,0.0,0.0
134,-0.13,0.17,0.93,nan,0.0,0.0
135,-0.09,0.18,0.89,nan,0.0,0.0
136,-0.09,0.18,0.89,nan,0.0,0.0
137,-0.09,0.18,0.89,nan,0.0,0.0
138,-0.09,0.18,0.89,nan,0.0,0.0
139,-0.09,0.18,0.89,nan,0.0,0.0
140,-0.09,0.18,0.89,nan,0.0,0.0
141,-0.09,0.18,0.89,nan,0.0,0.0
142,-0.07,0.19,0.91,nan,0.0,0.0
143,-0.07,0.19,0.91,nan,0.0,0.0
144,-0.07,0.19,0.91,nan,0.0,0.0
145,-0.07,0.19,0.91,nan,0.0,0.0
146,-0.07,0.19,0.91,nan,0.0,0.0
147,-0.07,0.19,0.91,nan,0.0,0.0
148,-0.07,0.19,0.91,nan,0.0,0.0
149,-0.07,0.19,0.91,nan,0.0,0.0
150,-0.07,0.19,0.91,nan,0.0,0.0
151,-0.07,0.19,0.91,nan,0.0,0.0
152,0.02,0.16,0.85,nan,0.0,0.0
153,0.02,0.16,0.85,nan,0.0,0.0
154,0.02,0.16,0.85,nan,0.0,0.0
155,0.02,0.16,0.85,nan,0.0,0.0
156,0.02,0.16,0.85,nan,0.0,0.0
157,0.02,0.16,0.85,nan,0.0,0.0
158,0.02,0.16,0.85,nan,0.0,0.0
159,0.02,0.16,0.85,nan,0.0,0.0
160,0.02,0.16,0.85,nan,0.0,0.0
161,-0.02,0.22,0.91,nan,0.0,0.0
162,-0.02,0.22,0.91,nan,0.0,0.0
163,-0.02,0.22,0.91,nan,0.0,0.0
164,-0.02,0.22,0.91,nan,0.0,0.0
165,-0.02,0.22,0.91,nan,0.0,0.0
166,-0.02,0.22,0.91,nan,0.0,0.0
167,-0.02,0.22,0.91,nan,0.0,0.0
168,0.02,0.26,0.9,nan,0.0,0.0
169,0.02,0.26,0.9,nan,0.0,0.0
170,0.02,0.26,0.9,nan,0.0,0.0
171,0.02,0.26,0.9,nan,0.0,0.0
172,0.02,0.26,0.9,nan,0.0,0.0
173,0.02,0.26,0.9,nan,0.0,0.0
174,0.02,0.26,0.9,nan,0.0,0.0
175,0.02,0.26,0.9,nan,0.0,0.0
176,0.02,0.26,0.9,nan,0.0,0.0
177,0.03,0.3,0.84,nan,0.0,0.0
178,0.03,0.3,0.84,nan,0.0,0.0
179,0.03,0.3,0.84,nan,0.0,0.0
180,0.03,0.3,0.84,nan,0.0,0.0
181,0.03,0.3,0.84,nan,0.0,0.0
182,0.03,0.3,0.84,nan,0.0,0.0
183,0.03,0.3,0.84,nan,0.0,0.0
184,0.03,0.3,0.84,nan,0.0,0.0
185,0.03,0.3,0.84,nan,0.0,0.0
186,0.03,0.3,0.84,nan,0.0,0.0
187,0.07,0.34,0.82,nan,0.0,0.0
188,0.07,0.34,0.82,nan,0.0,0.0
189,0.07,0.34,0.82,nan,0.0,0.0
190,0.07,0.34,0.82,nan,0.0,0.0
191,0.07,0.34,0.82,nan,0.0,0.0
192,0.07,0.34,0.82,nan,0.0,0.0
193,0.07,0.34,0.82,nan,0.0,0.0
194,0.09,0.36,0.76,nan,0.0,0.0
195,0.09,0.36,0.76,nan,0.0,0.0
196,0.09,0.36,0.76,nan,0.0,0.0
197,0.09,0.36,0.76,nan,0.0,0.0
198,0.09,0.36,0.76,nan,0.0,0.0
199,0.09,0.36,0.76,nan,0.0,0.0
200,0.09,0.36,0.76,nan,0.0,0.0
201,0.09,0.36,0.76,nan,0.0,0.0
202,0.09,0.36,0.76,nan,0.0,0.0
203,0.14,0.38,0.74,nan,0.0,0.0
204,0.14,0.38,0.74,nan,0.0,0.0
205,0.14,0.38,0.74,nan,0.0,0.0
206,0.14,0.38,0.74,nan,0.0,0.0
207,0.14,0.38,0.74,nan,0.0,0.0
208,0.14,0.38,0.74,nan,0.0,0.0
209,0.14,0.38,0.74,nan,0.0,0.0
210,0.14,0.38,0.74,nan,0.0,0.0
211,0.14,0.38,0.74,nan,0.0,0.0
212,0.2,0.4,0.76,nan,0.0,0.0
213,0.2,0.4,0.76,nan,0.0,0.0
214,0.2,0.4,0.76,nan,0.0,0.0
215,0.2,0.4,0.76,nan,0.0,0.0
216,0.2,0.4,0.76,nan,0.0,0.0
217,0.2,0.4,0.76,nan,0.0,0.0
218,0.2,0.4,0.76,nan,0.0,0.0
219,0.26,0.42,0.76,nan,0.0,0.0
220,0.26,0.42,0.76,nan,0.0,0.0
221,0.26,0.42,0.76,nan,0.0,0.0
222,0.26,0.42,0.76,nan,0.0,0.0
223,0.26,0.42,0.76,nan,0.0,0.0
224,0.26,0.42,0.76,nan,0.0,0.0
225,0.26,0.42,0.76,nan,0.0,0.0
226,0.26,0.42,0.76,nan,0.0,0.0
227,0.26,0.42,0.76,nan,0.0,0.0
228,0.26,0.42,0.76,nan,0.0,0.0
229,0.33,0.43,0.74,nan,0.0,0.0
230,0.33,0.43,0.74,nan,0.0,0.0
231,0.33,0.43,0.74,nan,0.0,0.0
232,0.33,0.43,0.74,nan,0.0,0.0
233,0.33,0.43,0.74,nan,0.0,0.0
234,0.33,0.43,0.74,nan,0.0,0.0
235,0.33,0.43,0.74,nan,0.0,0.0
236,0.33,0.43,0.74,nan,0.0,0.0
237,0.33,0.43,0.74,nan,0.0,0.0
238,0.34,0.45,0.76,nan,0.0,0.0
239,0.34,0.45,0.76,nan,0.0,0.0
240,0.34,0.45,0.76,nan,0.0,0.0
241,0.34,0.45,0.76,nan,0.0,0.0
242,0.34,0.45,0.76,nan,0.0,0.0
243,0.34,0.45,0.76,nan,0.0,0.0
244,0.34,0.45,0.76,nan,0.0,0.0
245,0.37,0.45,0.78,nan,0.0,0.0
246,0.37,0.45,0.78,nan,0.0,0.0
247,0.37,0.45,0.78,nan,0.0,0.0
248,0.37,0.45,0.78,nan,0.0,0.0
249,0.37,0.45,0.78,nan,0.0,0.0
250,0.37,0.45,0.78,nan,0.0,0.0
251,0.37,0.45,0.78,nan,0.0,0.0
252,0.37,0.45,0.78,nan,0.0,0.0
253,0.37,0.45,0.78,nan,0.0,0.0
254,0.39,0.42,0.79,nan,0.0,0.0
255,0.39,0.42,0.79,nan,0.0,0.0
256,0.39,0.42,0.79,nan,0.0,0.0
257,0.39,0.42,0.79,nan,0.0,0.0
258,0.39,0.42,0.79,nan,0.0,0.0
259,0.39,0.42,0.79,nan,0.0,0.0
260,0.39,0.42,0.79,nan,0.0,0.0
261,0.39,0.42,0.79,nan,0.0,0.0
262,0.39,0.42,0.79,nan,0.0,0.0
263,0.39,0.42,0.79,nan,0.0,0.0
264,0.41,0.41,0.8,nan,0.0,0.0
265,0.41,0.41,0.8,nan,0.0,0.0
266,0.41,0.41,0.8,nan,0.0,0.0
267,0.41,0.41,0.8,nan,0.0,0.0
268,0.41,0.41,0.8,nan,0.0,0.0
269,0.41,0.41,0.8,nan,0.0,0.0
270,0.41,0.41,0.8,nan,0.0,0.0
271,0.4,0.43,0.83,nan,0.0,0.0
272,0.4,0.43,0.83,nan,0.0,0.0
273,0.4,0.43,0.83,nan,0.0,0.0
274,0.4,0.43,0.83,nan,0.0,0.0
275,0.4,0.43,0.83,nan,0.0,0.0
276,0.4,0.43,0.83,nan,0.0,0.0
277,0.4,0.43,0.83,nan,0.0,0.0
278,0.4,0.43,0.83,nan,0.0,0.0
279,0.4,0.43,0.83,nan,0.0,0.0
280,0.43,0.39,0.86,nan,0.0,0.0
281,0.43,0.39,0.86,nan,0.0,0.0
282,0.43,0.39,0.86,nan,0.0,0.0
283,0.43,0.39,0.86,nan,0.0,0.0
284,0.43,0.39,0.86,nan,0.0,0.0
285,0.43,0.39,0.86,nan,0.0,0.0
286,0.43,0.39,0.86,nan,0.0,0.0
287,0.43,0.39,0.86,nan,0.0,0.0
288,0.43,0.39,0.86,nan,0.0,0.0
289,0.43,0.38,0.91,nan,0.0,0.0
290,0.43,0.38,0.91,nan,0.0,0.0
291,0.43,0.38,0.91,nan,0.0,0.0
292,0.43,0.38,0.91,nan,0.0,0.0
293,0.43,0.38,0.91,nan,0.0,0.0
294,0.43,0.38,0.91,nan,0.0,0.0
295,0.43,0.38,0.91,nan,0.0,0.0
296,0.39,0.35,0.93,nan,0.0,0.0
297,0.39,0.35,0.93,nan,0.0,0.0
298,0.39,0.35,0.93,nan,0.0,0.0
299,0.39,0.35,0.93,nan,0.0,0.0
300,0.39,0.35,0.93,nan,0.0,0.0
301,0.39,0.35,0.93,nan,0.0,0.0
302,0.39,0.35,0.93,nan,0.0,0.0
303,0.39,0.35,0.93,nan,0.0,0.0
304,0.39,0.35,0.93,nan,0.0,0.0
305,0.39,0.35,0.93,nan,0.0,0.0
306,0.43,0.28,0.88,nan,0.0,0.0
307,0.43,0.28,0.88,nan,0.0,0.0
308,0.43,0.28,0.88,nan,0.0,0.0
309,0.43,0.28,0.88,nan,0.0,0.0
310,0.43,0.28,0.88,nan,0.0,0.0
311,0.43,0.28,0.88,nan,0.0,0.0
312,0.43,0.28,0.88,nan,0.0,0.0
313,0.43,0.28,0.88,nan,0.0,0.0
314,0.43,0.28,0.88,nan,0.0,0.0
315,0.36,0.26,0.93,nan,0.0,0.0
316,0.36,0.26,0.93,nan,0.0,0.0
317,0.36,0.26,0.93,nan,0.0,0.0
318,0.36,0.26,0.93,nan,0.0,0.0
319,0.36,0.26,0.93,nan,0.0,0.0
320,0.36,0.26,0.93,nan,0.0,0.0
321,0.36,0.26,0.93,nan,0.0,0.0
322,0.27,0.28,0.87,nan,0.0,0.0
323,0.27,0.28,0.87,nan,0.0,0.0
324,0.27,0.28,0.87,nan,0.0,0.0
325,0.27,0.28,0.87,nan,0.0,0.0
326,0.27,0.28,0.87,nan,0.0,0.0
327,0.27,0.28,0.87,nan,0.0,0.0
328,0.27,0.28,0.87,nan,0.0,0.0
329,0.27,0.28,0.87,nan,0.0,0.0
330,0.27,0.28,0.87,nan,0.0,0.0
331,0.27,0.28,0.87,nan,0.0,0.0
332,0.22,0.26,0.82,nan,0.0,0.0
333,0.22,0.26,0.82,nan,0.0,0.0
334,0.22,0.26,0.82,nan,0.0,0.0
335,0.22,0.26,0.82,nan,0.0,0.0
336,0.22,0.26,0.82,nan,0.0,0.0
337,0.22,0.26,0.82,nan,0.0,0.0
338,0.22,0.26,0.82,nan,0.0,0.0
339,0.22,0.26,0.82,nan,0.0,0.0
340,0.22,0.26,0.82,nan,0.0,0.0
341,0.25,0.22,0.75,nan,0.0,0.0
342,0.25,0.22,0.75,nan,0.0,0.0
343,0.25,0.22,0.75,nan,0.0,0.0
344,0.25,0.22,0.75,nan,0.0,0.0
345,0.25,0.22,0.75,nan,0.0,0.0
346,0.25,0.22,0.75,nan,0.0,0.0
347,0.25,0.22,0.75,nan,0.0,0.0
348,0.32,0.2,0.71,nan,0.0,0.0
349,0.32,0.2,0.71,nan,0.0,0.0
350,0.32,0.2,0.71,nan,0.0,0.0
351,0.32,0.2,0.71,nan,0.0,0.0
352,0.32,0.2,0.71,nan,0.0,0.0
353,0.32,0.2,0.71,nan,0.0,0.0
354,0.32,0.2,0.71,nan,0.0,0.0
355,0.32,0.2,0.71,nan,0.0,0.0
356,0.32,0.2,0.71,nan,0.0,0.0
357,0.29,0.42,0.63,nan,0.0,0.0
358,0.29,0.42,0.63,nan,0.0,0.0
359,0.29,0.42,0.63,nan,0.0,0.0
360,0.29,0.42,0.63,nan,0.0,0.0
361,0.29,0.42,0.63,nan,0.0,0.0
362,0.29,0.42,0.63,nan,0.0,0.0
363,0.29,0.42,0.63,nan,0.0,0.0
364,0.29,0.42,0.63,nan,0.0,0.0
365,0.29,0.42,0.63,nan,0.0,0.0
366,0.29,0.42,0.63,nan,0.0,0.0
367,0.34,0.63,0.45,nan,0.0,0.0
368,0.34,0.63,0.45,nan,0.0,0.0
369,0.34,0.63,0.45,nan,0.0,0.0
370,0.34,0.63,0.45,nan,0.0,0.0
371,0.34,0.63,0.45,nan,0.0,0.0
372,0.34,0.63,0.45,nan,0.0,0.0
373,0.34,0.63,0.45,nan,0.0,0.0
374,0.43,0.7,0.12,nan,0.0,0.0
375,0.43,0.7,0.12,nan,0.0,0.0
376,0.43,0.7,0.12,nan,0.0,0.0
377,0.43,0.7,0.12,nan,0.0,0.0
378,0.43,0.7,0.12,nan,0.0,0.0
379,0.43,0.7,0.12,nan,0.0,0.0
380,0.43,0.7,0.12,nan,0.0,0.0
381,0.43,0.7,0.12,nan,0.0,0.0
382,0.43,0.7,0.12,nan,0.0,0.0
383,0.39,0.77,-0.04,nan,0.0,0.0
384,0.39,0.77,-0.04,nan,0.0,0.0
385,0.39,0.77,-0.04,nan,0.0,0.0
386,0.39,0.77,-0.04,nan,0.0,0.0
387,0.39,0.77,-0.04,nan,0.0,0.0
388,0.39,0.77,-0.04,nan,0.0,0.0
389,0.39,0.77,-0.04,nan,0.0,0.0
390,0.39,0.77,-0.04,nan,0.0,0.0
391,0.39,0.77,-0.04,nan,0.0,0.0
392,0.39,0.77,-0.04,nan,0.0,0.0
393,0.42,0.91,-0.06,nan,0.0,0.0
394,0.42,0.91,-0.06,nan,0.0,0.0
395,0.42,0.91,-0.06,nan,0.0,0.0
396,0.42,0.91,-0.06,nan,0.0,0.0
397,0.42,0.91,-0.06,nan,0.0,0.0
398,0.42,0.91,-0.06,nan,0.0,0.0
399,0.42,0.91,-0.06,nan,0.0,0.0
400,0.56,1.0,-0.14,nan,0.0,0.0
401,0.56,1.0,-0.14,nan,0.0,0.0
402,0.56,1.0,-0.14,nan,0.0,0.0
403,0.56,1.0,-0.14,nan,0.0,0.0
404,0.56,1.0,-0.14,nan,0.0,0.0
405,0.56,1.0,-0.14,nan,0.0,0.0
406,0.56,1.0,-0.14,nan,0.0,0.0
407,0.56,1.0,-0.14,nan,0.0,0.0
408,0.56,1.0,-0.14,nan,0.0,0.0
409,0.67,1.13,-0.15,nan,0.0,0.0
410,0.67,1.13,-0.15,nan,0.0,0.0
411,0.67,1.13,-0.15,nan,0.0,0.0
412,0.67,1.13,-0.15,nan,0.0,0.0
413,0.67,1.13,-0.15,nan,0.0,0.0
414,0.67,1.13,-0.15,nan,0.0,0.0
415,0.67,1.13,-0.15,nan,0.0,0.0
416,0.79,1.17,-0.2,nan,0.0,0.0
417,0.79,1.17,-0.2,nan,0.0,0.0
418,0.79,1.17,-0.2,nan,0.0,0.0
419,0.79,1.17,-0.2,nan,0.0,0.0
420,0.79,1.17,-0.2,nan,0.0,0.0
421,0.79,1.17,-0.2,nan,0.0,0.0
422,0.79,1.17,-0.2,nan,0.0,0.0
423,0.79,1.17,-0.2,nan,0.0,0.0
424,0.75,1.15,-0.2,nan,0.0,0.0
425,0.75,1.15,-0.2,nan,0.0,0.0
426,0.75,1.15,-0.2,nan,0.0,0.0
427,0.75,1.15,-0.2,nan,0.0,0.0
428,0.75,1.15,-0.2,nan,0.0,0.0
429,0.75,1.15,-0.2,nan,0.0,0.0
430,0.66,1.11,-0.2,nan,0.0,0.0
431,0.66,1.11,-0.2,nan,0.0,0.0
432,0.66,1.11,-0.2,nan,0.0,0.0
433,0.66,1.11,-0.2,nan,0.0,0.0
434,0.66,1.11,-0.2,nan,0.0,0.0
435,0.66,1.11,-0.2,nan,0.0,0.0
436,0.66,1.11,-0.2,nan,0.0,0.0
437,0.58,1.07,-0.18,nan,0.0,0.0
438,0.58,1.07,-0.18,nan,0.0,0.0
439,0.58,1.07,-0.18,nan,0.0,0.0
440,0.58,1.07,-0.18,nan,0.0,0.0
441,0.58,1.07,-0.18,nan,0.0,0.0
442,0.58,1.07,-0.18,nan,0.0,0.0
443,0.58,1.07,-0.18,nan,0.0,0.0
444,0.58,1.07,-0.18,nan,0.0,0.0
445,0.55,1.01,-0.19,nan,0.0,0.0
446,0.55,1.01,-0.19,nan,0.0,0.0
447,0.55,1.01,-0.19,nan,0.0,0.0
448,0.55,1.01,-0.19,nan,0.0,0.0
449,0.55,1.01,-0.19,nan,0.0,0.0
450,0.55,1.01,-0.19,nan,0.0,0.0
451,0.51,0.96,-0.16,nan,0.0,0.0
452,0.51,0.96,-0.16,nan,0.0,0.0
453,0.51,0.96,-0.16,nan,0.0,0.0
454,0.51,0.96,-0.16,nan,0.0,0.0
455,0.51,0.96,-0.16,nan,0.0,0.0
456,0.51,0.96,-0.16,nan,0.0,0.0
457,0.51,0.96,-0.16,nan,0.0,0.0
458,0.45,0.94,-0.04,nan,0.0,0.0
459,0.45,0.94,-0.04,nan,0.0,0.0
460,0.45,0.94,-0.04,nan,0.0,0.0
461,0.45,0.94,-0.04,nan,0.0,0.0
462,0.45,0.94,-0.04,nan,0.0,0.0
463,0.45,0.94,-0.04,nan,0.0,0.0
464,0.45,0.94,-0.04,nan,0.0,0.0
465,0.45,0.94,-0.04,nan,0.0,0.0
466,0.39,0.88,0.12,nan,0.0,0.0
467,0.39,0.88,0.12,nan,0.0,0.0
468,0.39,0.88,0.12,nan,0.0,0.0
469,0.39,0.88,0.12,nan,0.0,0.0
470,0.39,0.88,0.12,nan,0.0,0.0
471,0.39,0.84,0.25,nan,0.0,0.0
472,0.39,0.84,0.25,nan,0.0,0.0
473,0.39,0.84,0.25,nan,0.0,0.0
474,0.39,0.84,0.25,nan,0.0,0.0
475,0.39,0.84,0.25,nan,0.0,0.0
476,0.39,0.84,0.25,nan,0.0,0.0
477,0.39,0.84,0.25,nan,0.0,0.0
478,0.41,0.84,0.41,nan,0.0,0.0
479,0.41,0.84,0.41,nan,0.0,0.0
480,0.41,0.84,0.41,nan,0.0,0.0
481,0.41,0.84,0.41,nan,0.0,0.0
482,0.41,0.84,0.41,nan,0.0,0.0
483,0.41,0.84,0.41,nan,0.0,0.0
484,0.41,0.84,0.41,nan,0.0,0.0
485,0.41,0.84,0.41,nan,0.0,0.0
486,0.44,0.73,0.45,nan,0.0,0.0
487,0.44,0.73,0.45,nan,0.0,0.0
488,0.44,0.73,0.45,nan,0.0,0.0
489,0.44,0.73,0.45,nan,0.0,0.0
490,0.44,0.73,0.45,nan,0.0,0.0
491,0.44,0.73,0.45,nan,0.0,0.0
492,0.44,0.73,0.45,nan,0.0,0.0
493,0.44,0.73,0.45,nan,0.0,0.0
494,0.44,0.73,0.45,nan,0.0,0.0
495,0.42,0.73,0.48,nan,0.0,0.0
496,0.42,0.73,0.48,nan,0.0,0.0
497,0.42,0.73,0.48,nan,0.0,0.0
498,0.42,0.73,0.48,nan,0.0,0.0
499,0.42,0.73,0.48,nan,0.0,0.0
500,0.42,0.73,0.48,nan,0.0,0.0
501,0.42,0.73,0.48,nan,0.0,0.0
502,0.42,0.73,0.48,nan,0.0,0.0
503,0.42,0.73,0.48,nan,0.0,0.0
504,0.4,0.7,0.49,nan,0.0,0.0
505,0.4,0.7,0.49,nan,0.0,0.0
506,0.4,0.7,0.49,nan,0.0,0.0
507,0.4,0.7,0.49,nan,0.0,0.0
508,0.4,0.7,0.49,nan,0.0,0.0
509,0.4,0.7,0.49,nan,0.0,0.0
510,0.38,0.66,0.45,nan,0.0,0.0
511,0.38,0.66,0.45,nan,0.0,0.0
512,0.38,0.66,0.45,nan,0.0,0.0
513,0.38,0.66,0.45,nan,0.0,0.0
514,0.38,0.66,0.45,nan,0.0,0.0
515,0.38,0.66,0.45,nan,0.0,0.0
516,0.38,0.66,0.45,nan,0.0,0.0
517,0.38,0.66,0.45,nan,0.0,0.0
518,0.37,0.69,0.42,nan,0.0,0.0
519,0.37,0.69,0.42,nan,0.0,0.0
520,0.37,0.69,0.42,7.3188,-7.28171,112.789586667
521,0.58,0.79,0.08,9.2988,-7.281711667,112.78961
522,0.75,0.96,-0.05,2.6856,-7.281711667,112.78961
523,0.26,0.65,-0.56,3.3876,-7.281673333,112.789643333
524,0.26,0.87,-0.42,4.0572,-7.281636667,112.789653333
525,0.32,0.81,-0.26,4.6296,-7.281605,112.789668333
526,0.4,0.83,0.11,4.7952,-7.28159,112.789673333
527,0.43,0.83,0.14,5.0364,-7.281568333,112.789691667
528,0.56,0.81,0.04,5.166,-7.281553333,112.789696667
529,0.36,0.79,0.01,5.3532,-7.281521667,112.78971
530,0.55,1.01,-0.01,5.4252,-7.281506667,112.789713333
531,0.38,0.81,-0.08,5.4828,-7.281488333,112.789715
532,0.31,0.78,0.02,5.742,-7.281448333,112.789715
533,0.39,1.02,0.07,5.9076,-7.28142,112.78971
534,0.24,0.83,0.08,6.2244,-7.281383333,112.789708333
535,0.25,0.74,0.0,6.2604,-7.281361667,112.789706667
536,0.22,1.02,0.01,4.8312,-7.281328333,112.789705
537,0.4,0.82,-0.2,6.408,-7.2813,112.789711667
538,0.28,0.97,-0.05,6.5556,-7.281276667,112.789721667
539,-0.08,0.74,0.02,6.6132,-7.281261667,112.78973
540,0.21,0.94,0.0,6.7032,-7.281243333,112.789741667
541,0.14,1.06,0.1,6.7608,-7.281225,112.789745
542,-0.04,1.01,0.27,6.8328,-7.281206667,112.78975
543,0.48,0.97,0.04,6.8328,-7.281191667,112.789751667
544,-0.05,0.66,-0.15,4.0356,-7.281166667,112.789753333
545,-0.03,1.11,-0.29,6.6672,-7.281156667,112.789758333
546,0.36,0.96,-0.3,6.5916,-7.281145,112.789751667
547,1.08,1.94,0.18,6.426,-7.281138333,112.789738333
548,1.13,1.94,0.3,9.6588,-7.281096667,112.789726667
549,0.44,1.06,0.43,6.462,-7.281096667,112.789726667
550,0.01,0.84,0.41,6.6492,-7.281066667,112.78973
551,0.26,0.82,0.56,21.276,-7.280963333,112.789736667
552,0.29,0.73,0.34,7.632,-7.280963333,112.789736667
553,0.3,1.13,0.49,8.0388,-7.280911667,112.789738333
554,0.26,0.89,0.42,8.4096,-7.280855,112.789738333
555,0.13,0.89,0.57,8.7588,-7.280796667,112.78974
556,0.13,0.83,0.43,8.7588,-7.280796667,112.78974
557,0.27,0.8,0.43,9.0576,-7.280741667,112.789736667
558,0.34,0.77,0.54,9.1476,-7.280701667,112.789735
559,0.34,0.69,0.29,9.1476,-7.280665,112.789735
560,0.56,0.73,0.47,9.018,-7.280645,112.789726667
561,0.38,0.76,0.43,9.018,-7.280645,112.789726667
562,0.55,0.92,0.47,8.8704,-7.280625,112.789723333
563,0.42,0.84,0.44,8.8164,-7.280598333,112.78972
564,0.48,0.73,0.43,8.8524,-7.28057,112.789725
565,0.52,0.79,0.31,9.0756,-7.280525,112.789733333
566,0.3,0.82,0.35,16.0488,-7.280485,112.789738333
567,0.45,0.79,0.26,9.3348,-7.280485,112.789738333
568,0.5,0.79,0.43,9.558,-7.280456667,112.789755
569,0.53,0.94,0.5,18.9972,-7.280413333,112.789775
570,0.38,0.72,0.45,10.0188,-7.280413333,112.789775
571,0.26,0.78,0.49,15.4692,-7.28038,112.789795
572,0.25,1.01,0.84,10.278,-7.28038,112.789795
573,0.34,0.72,0.31,10.5948,-7.280346667,112.789825
574,0.51,0.79,0.42,16.938,-7.280325,112.789861667
575,0.33,0.54,0.25,10.9656,-7.280325,112.789861667
576,0.39,0.58,0.44,17.4024,-7.280296667,112.789895
577,0.39,0.69,0.37,11.3724,-7.280296667,112.789895
578,0.45,0.61,0.46,14.8932,-7.280283333,112.78993
579,0.55,0.77,0.5,11.6856,-7.280283333,112.78993
580,0.53,0.77,0.56,18.0324,-7.280256667,112.789966667
581,0.37,0.75,0.69,12.186,-7.280256667,112.789966667
582,0.4,0.67,0.58,12.6684,-7.280243333,112.790015
583,0.5,0.6,0.49,12.6684,-7.280243333,112.790015
584,0.75,0.74,0.72,13.1112,-7.28021,112.790055
585,0.14,0.38,0.21,13.1112,-7.28021,112.790055
586,0.41,0.46,0.37,13.464,-7.280185,112.790098333
587,0.44,0.48,0.48,51.624,-7.28007,112.790158333
588,0.54,0.53,0.53,14.166,-7.28007,112.790158333
589,0.62,0.67,0.55,14.166,-7.28007,112.790158333
590,0.59,0.67,0.62,29.6352,-7.280013333,112.790206667
591,0.37,0.6,0.51,29.6352,-7.280013333,112.790206667
592,0.41,0.75,0.52,14.6124,-7.280013333,112.790206667
593,0.29,0.78,0.54,14.9652,-7.27997,112.790253333
594,0.31,0.59,0.43,14.9652,-7.27997,112.790253333
595,0.36,0.75,0.48,15.2604,-7.279953333,112.790303333
596,0.38,0.62,0.58,15.2604,-7.279953333,112.790303333
597,0.35,0.57,0.61,19.3212,-7.279935,112.790348333
598,0.57,0.54,0.66,15.372,-7.279935,112.790348333
599,0.53,0.56,0.57,15.372,-7.279935,112.790348333
600,0.48,0.5,0.49,15.354,-7.279918333,112.79039
601,0.5,0.56,0.5,15.354,-7.279918333,112.79039
602,0.55,0.6,0.48,14.8212,-7.279901667,112.790423333
603,0.57,0.57,0.59,15.1668,-7.279901667,112.790423333
604,0.43,0.57,0.54,15.2064,-7.279881667,112.79046
605,0.44,0.48,0.46,15.2064,-7.279881667,112.79046
606,0.55,0.71,0.56,15.2064,-7.279863333,112.790496667
607,0.65,0.71,0.47,15.2064,-7.279863333,112.790496667
608,0.36,0.56,0.47,15.1668,-7.279848333,112.790535
609,0.65,0.84,0.8,15.1668,-7.279848333,112.790535
610,0.49,0.72,0.63,16.8984,-7.27983,112.790573333
611,0.32,0.64,0.43,15.2604,-7.27983,112.790573333
612,0.32,0.64,0.41,19.7028,-7.279813333,112.79062
613,0.38,0.46,0.26,15.6132,-7.279813333,112.79062
614,0.51,0.58,0.35,15.6132,-7.279813333,112.79062
615,0.55,0.5,0.49,15.8904,-7.279791667,112.790661667
616,0.59,0.6,0.44,15.8904,-7.279791667,112.790661667
617,0.63,0.68,0.62,15.984,-7.279766667,112.790698333
618,0.62,0.48,0.51,15.984,-7.279766667,112.790698333
619,0.62,0.56,0.53,19.5732,-7.279743333,112.790741667
620,0.58,0.61,0.46,16.02,-7.279743333,112.790741667
621,0.46,0.59,0.31,16.02,-7.279743333,112.790741667
622,0.23,0.73,0.57,16.002,-7.279721667,112.790783333
623,0.32,0.55,0.52,16.002,-7.279721667,112.790783333
624,0.38,0.64,0.49,16.6212,-7.279705,112.790821667
625,0.43,0.61,0.61,15.8904,-7.279705,112.790821667
626,0.39,0.66,0.62,15.8904,-7.279703333,112.790866667
627,0.0,0.29,0.38,15.8904,-7.279703333,112.790866667
628,0.5,0.5,0.32,15.8148,-7.2797,112.790906667
629,0.62,0.65,0.45,15.8148,-7.2797,112.790906667
630,0.62,0.55,0.45,15.9012,-7.2797,112.790946667
631,0.6,0.6,0.54,15.7248,-7.2797,112.790946667
632,0.65,0.66,0.59,15.7248,-7.2797,112.790946667
633,0.45,0.69,0.55,15.6492,-7.279703333,112.790993333
634,0.6,0.61,0.55,15.6492,-7.279703333,112.790993333
635,0.56,0.6,0.4,15.6492,-7.27971,112.79104
636,0.5,0.64,0.58,15.6492,-7.27971,112.79104
637,0.1,0.5,0.33,15.6852,-7.279716667,112.791088333
638,0.32,0.44,0.42,15.6852,-7.279716667,112.791088333
639,0.63,0.61,0.34,15.7788,-7.279718333,112.791133333
640,0.68,0.55,0.23,15.7788,-7.279718333,112.791133333
641,0.76,0.69,0.31,15.8724,-7.27972,112.791178333
642,0.58,0.57,0.3,15.8724,-7.27972,112.791178333
643,0.62,0.6,0.45,19.4904,-7.279735,112.791225
644,0.54,0.68,0.5,15.9444,-7.279735,112.791225
645,0.5,0.66,0.46,15.9444,-7.279735,112.791225
646,0.45,0.72,0.44,20.1204,-7.27975,112.791273333
647,0.46,0.81,0.4,16.056,-7.27975,112.791273333
648,0.36,0.69,0.41,16.056,-7.279755,112.791313333
649,0.54,0.65,0.31,16.056,-7.279755,112.791313333
650,0.48,0.65,0.5,24.6744,-7.279805,112.79135
651,0.48,0.64,0.57,16.056,-7.279805,112.79135
652,0.38,0.75,0.47,16.056,-7.279805,112.79135
653,0.43,0.81,0.49,16.4268,-7.279836667,112.791401667
654,0.35,0.71,0.56,16.4268,-7.279836667,112.791401667
655,0.31,0.58,0.3,25.8768,-7.279851667,112.791465
656,0.54,0.84,0.39,17.0388,-7.279851667,112.791465
657,0.45,0.63,0.35,17.0388,-7.279851667,112.791465
658,0.53,0.8,0.57,25.1856,-7.27985,112.791528333
659,0.43,0.61,0.61,17.5932,-7.27985,112.791528333
660,0.24,0.43,0.69,17.5932,-7.27985,112.791528333
661,0.44,0.58,0.49,18.1692,-7.279845,112.791598333
662,0.55,0.7,0.62,18.1692,-7.279845,112.791598333
663,0.5,0.64,0.45,25.848,-7.279846667,112.791663333
664,0.6,0.72,0.6,18.612,-7.279846667,112.791663333
665,0.55,0.76,0.49,18.612,-7.279846667,112.791663333
666,0.58,0.65,0.57,18.9468,-7.279845,112.79172
667,0.5,0.69,0.37,18.9468,-7.279845,112.79172
668,0.52,0.74,0.34,18.9468,-7.279845,112.79172
669,0.5,0.63,0.36,19.2996,-7.279838333,112.79178
670,0.59,0.68,0.42,19.2996,-7.279838333,112.79178
671,0.63,0.75,0.58,23.1984,-7.279836667,112.791838333
672,0.38,0.62,0.61,23.1984,-7.279836667,112.791838333
673,0.49,0.73,0.57,19.5192,-7.279836667,112.791838333
674,0.41,0.59,0.6,27.3204,-7.279853333,112.791905
675,0.54,0.63,0.46,19.926,-7.279853333,112.791905
676,0.51,0.68,0.43,19.926,-7.279853333,112.791905
677,0.52,0.71,0.59,26.676,-7.279883333,112.791965
678,0.53,0.81,0.41,20.1492,-7.279883333,112.791965
679,0.43,0.71,0.45,20.1492,-7.279883333,112.791965
680,0.5,0.76,0.54,27.8784,-7.279916667,112.792026667
681,0.42,0.77,0.52,20.3724,-7.279916667,112.792026667
682,0.36,0.79,0.43,20.3724,-7.279916667,112.792026667
683,0.39,0.66,0.56,27.6228,-7.279951667,112.792086667
684,0.51,0.63,0.56,20.6316,-7.279951667,112.792086667
685,0.46,0.56,0.57,20.6316,-7.279951667,112.792086667
686,0.51,0.77,0.5,20.6316,-7.279951667,112.792086667
687,0.84,0.86,0.26,25.8444,-7.279976667,112.792146667
688,-0.02,0.76,0.66,20.6856,-7.279976667,112.792146667
689,0.45,0.38,0.4,26.3844,-7.280005,112.792206667
690,0.8,0.47,0.52,20.7612,-7.280005,112.792206667
691,0.43,0.53,0.51,20.7612,-7.280005,112.792206667
692,0.51,0.24,0.48,20.7612,-7.280005,112.792206667
693,0.63,-0.13,0.24,20.8548,-7.280053333,112.792261667
694,0.53,0.9,0.66,20.8548,-7.280053333,112.792261667
695,0.55,0.53,0.8,20.8548,-7.280053333,112.792261667
696,0.6,0.53,0.72,20.9844,-7.280106667,112.792315
697,0.6,0.31,0.54,20.9844,-7.280106667,112.792315
698,0.38,0.82,0.63,25.8912,-7.280148333,112.792365
699,0.16,0.69,0.31,21.0564,-7.280148333,112.792365
700,0.23,0.68,0.49,21.0564,-7.280148333,112.792365
701,0.33,0.8,0.5,31.176,-7.28021,112.792413333
702,0.05,0.8,0.48,31.176,-7.28021,112.792413333
703,0.03,0.78,0.54,21.3912,-7.28021,112.792413333
704,0.17,0.84,0.15,21.3912,-7.28021,112.792413333
705,0.19,0.91,0.26,32.5224,-7.280273333,112.792465
706,0.15,0.81,0.12,21.7044,-7.280273333,112.792465
707,0.17,0.99,0.26,21.7044,-7.280273333,112.792465
708,0.32,1.05,0.0,31.4172,-7.280328333,112.792521667
709,0.22,0.83,-0.08,22.0572,-7.280328333,112.792521667
710,0.36,0.78,0.42,22.0572,-7.280328333,112.792521667
711,0.32,0.68,0.43,22.0572,-7.280328333,112.792521667
712,0.32,0.61,0.52,22.6692,-7.280398333,112.792586667
713,0.41,0.91,0.65,22.6692,-7.280398333,112.792586667
714,0.47,0.74,0.64,22.6692,-7.280398333,112.792586667
715,0.38,0.59,0.64,23.2056,-7.28046,112.792648333
716,0.28,0.69,0.64,23.2056,-7.28046,112.792648333
717,0.38,0.67,0.6,23.2056,-7.28046,112.792648333
718,0.37,0.53,0.6,34.2288,-7.280521667,112.792708333
719,0.42,0.73,0.58,34.2288,-7.280521667,112.792708333
720,0.38,0.69,0.56,23.6484,-7.280521667,112.792708333
721,0.39,0.72,0.51,23.6484,-7.280521667,112.792708333
722,0.62,0.77,0.5,24.0012,-7.28058,112.792766667
723,0.28,0.71,0.5,24.0012,-7.28058,112.792766667
724,0.41,0.56,0.61,24.0012,-7.28058,112.792766667
725,0.26,0.63,0.52,27.7596,-7.280625,112.79282
726,0.36,0.69,0.6,24.0768,-7.280625,112.79282
727,0.59,0.56,0.63,24.0768,-7.280625,112.79282
728,-0.21,0.17,1.2,24.0768,-7.280625,112.79282
729,0.54,0.13,0.09,24.0948,-7.280666667,112.792871667
730,0.38,0.79,1.15,24.0948,-7.280666667,112.792871667
731,0.33,0.37,0.31,24.0948,-7.280666667,112.792871667
732,0.24,0.93,0.77,25.8228,-7.28071,112.79292
733,0.2,0.65,0.64,24.0768,-7.28071,112.79292
734,0.21,0.6,0.62,24.0768,-7.28071,112.79292
735,0.27,0.58,0.49,22.8564,-7.280738333,112.79297
736,0.39,0.65,0.59,22.8564,-7.280738333,112.79297
737,0.26,0.71,0.56,23.778,-7.280738333,112.79297
738,0.24,0.41,0.64,23.778,-7.280738333,112.79297
739,0.12,0.56,0.85,23.4288,-7.28079,112.792991667
740,0.1,0.58,0.76,23.4288,-7.28079,112.792991667
741,0.09,0.51,0.6,23.4288,-7.28079,112.792991667
742,0.2,0.5,0.63,23.094,-7.280843333,112.793011667
743,0.14,0.58,0.7,23.094,-7.280843333,112.793011667
744,0.62,0.79,0.58,23.094,-7.280843333,112.793011667
745,0.26,0.55,0.52,22.6116,-7.280908333,112.793035
746,0.18,0.45,0.46,22.6116,-7.280908333,112.793035
747,1.04,1.01,1.34,22.6116,-7.280908333,112.793035
748,0.27,0.44,0.6,21.9636,-7.280988333,112.793025
749,0.27,0.74,0.7,21.9636,-7.280988333,112.793025
750,0.31,0.59,0.69,21.9636,-7.280988333,112.793025
751,0.26,0.54,0.63,26.838,-7.281055,112.793035
752,0.43,0.86,0.83,26.838,-7.281055,112.793035
753,0.29,0.7,0.69,21.6504,-7.281055,112.793035
754,0.18,0.6,0.65,24.8868,-7.281096667,112.793081667
755,0.22,0.57,0.74,21.6144,-7.281096667,112.793081667
756,0.45,0.74,0.8,21.6144,-7.281096667,112.793081667
757,0.39,0.52,0.74,21.6144,-7.281096667,112.793081667
758,0.38,0.59,0.78,21.6144,-7.281138333,112.793128333
759,0.3,0.55,0.67,21.6144,-7.281138333,112.793128333
760,0.44,0.62,0.72,21.6144,-7.281138333,112.793128333
761,0.3,0.63,0.58,21.6324,-7.281175,112.793173333
762,0.33,0.54,0.72,21.6324,-7.281175,112.793173333
763,0.38,0.53,0.67,21.6324,-7.281175,112.793173333
764,0.53,0.64,0.59,21.6144,-7.28121,112.793215
765,0.44,0.65,0.53,21.6144,-7.28121,112.793215
766,0.36,0.47,0.7,21.6144,-7.28121,112.793215
767,0.33,0.64,0.62,26.136,-7.281263333,112.793253333
768,0.39,0.43,0.67,21.6864,-7.281263333,112.793253333
769,0.41,0.58,0.6,21.6864,-7.281263333,112.793253333
770,0.32,0.49,0.75,21.7224,-7.281306667,112.793293333
771,0.31,0.45,0.65,21.7224,-7.281306667,112.793293333
772,0.23,0.6,0.72,21.7224,-7.281306667,112.793293333
773,0.4,0.69,0.66,21.762,-7.281343333,112.793328333
774,0.28,0.41,0.57,21.762,-7.281343333,112.793328333
775,0.39,0.59,0.62,21.762,-7.281343333,112.793328333
776,0.22,0.67,0.73,21.7224,-7.281366667,112.79336
777,0.29,0.55,0.71,21.7224,-7.281366667,112.79336
778,0.28,0.41,0.66,21.7224,-7.281366667,112.79336
779,0.31,0.59,0.69,21.114,-7.281378333,112.793388333
780,0.41,0.67,0.74,21.114,-7.281378333,112.793388333
781,0.37,0.6,0.64,21.114,-7.281378333,112.793388333
782,0.32,0.52,0.72,11.7432,-7.281386667,112.793416667
783,0.56,0.73,0.71,20.7252,-7.281386667,112.793416667
784,0.34,0.64,0.6,20.2968,-7.281393333,112.793445
785,0.31,0.5,0.63,20.2968,-7.281393333,112.793445
786,0.32,0.71,0.47,20.2968,-7.281393333,112.793445
787,0.26,0.47,0.61,19.818,-7.28139,112.793471667
788,0.36,0.63,0.67,19.818,-7.28139,112.793471667
789,0.34,0.61,0.76,7.5564,-7.281395,112.79349
790,0.26,0.6,0.64,5.3424,-7.281393333,112.793503333
791,0.27,0.49,0.72,17.964,-7.281381667,112.793521667
792,0.31,0.53,0.64,17.964,-7.281381667,112.793521667
793,0.47,0.64,0.69,17.334,-7.281365,112.79354
794,0.38,0.87,0.63,17.334,-7.281365,112.79354
795,0.21,0.59,0.8,17.334,-7.281365,112.79354
796,0.23,0.63,0.76,16.65,-7.281341667,112.793551667
797,0.28,0.53,0.72,16.65,-7.281341667,112.793551667
798,0.03,0.18,1.05,15.7788,-7.281321667,112.793551667
799,-0.31,0.02,0.95,15.7788,-7.281321667,112.793551667
800,0.26,0.08,0.77,15.1128,-7.281313333,112.793558333
801,0.2,0.02,0.95,15.1128,-7.281313333,112.793558333
802,0.55,0.1,1.05,5.0508,-7.281301667,112.793563333
803,0.55,0.73,0.71,13.7232,-7.281286667,112.793566667
804,0.34,0.54,0.76,9.2988,-7.281285,112.79359
805,0.49,0.55,0.61,13.6476,-7.281285,112.79359
806,0.46,0.71,0.68,13.518,-7.281276667,112.793613333
807,0.37,0.46,0.6,13.518,-7.281276667,112.793613333
808,0.45,0.61,0.76,13.1688,-7.281285,112.79363
809,0.29,0.51,0.66,8.3808,-7.281291667,112.79365
810,0.39,0.61,0.53,13.0752,-7.281291667,112.79365
811,0.46,0.62,0.44,12.762,-7.281296667,112.793666667
812,0.42,0.68,0.62,15.39,-7.281258333,112.793661667
813,0.47,0.68,0.68,11.8908,-7.281258333,112.793661667
814,0.46,0.69,0.73,27.4932,-7.28119,112.793651667
815,0.4,0.64,0.49,11.0196,-7.28119,112.793651667
816,0.38,0.7,0.68,11.0196,-7.28119,112.793651667
817,0.37,0.55,0.72,11.0016,-7.281166667,112.793675
818,0.35,0.62,0.76,11.2932,-7.281145,112.793693333
819,0.32,0.77,0.56,10.926,-7.281145,112.793693333
820,0.51,0.71,0.27,10.8144,-7.281125,112.793705
821,0.22,0.56,0.17,9.7776,-7.281031667,112.793665
822,0.42,0.69,0.39,35.9064,-7.28095,112.793626667
823,0.58,0.74,0.47,9.0576,-7.28095,112.793626667
824,0.46,0.62,0.38,39.0564,-7.280858333,112.793591667
825,0.36,0.6,0.29,8.5752,-7.280858333,112.793591667
826,0.3,0.63,0.38,48.0708,-7.280751667,112.793535
827,0.3,0.82,0.56,48.0708,-7.280751667,112.793535
828,0.35,0.7,0.54,48.0708,-7.280751667,112.793535
829,0.41,0.58,0.66,8.1288,-7.280751667,112.793535
830,0.5,0.72,0.49,8.1108,-7.280655,112.793483333
831,-0.09,0.6,0.08,8.2224,-7.280553333,112.79343
832,0.65,1.17,0.15,8.6292,-7.280471667,112.793381667
833,0.37,0.66,0.25,8.6292,-7.280471667,112.793381667
834,0.55,0.66,0.35,8.982,-7.280396667,112.793323333
835,0.41,0.79,0.45,9.5004,-7.280316667,112.79327
836,0.68,0.83,0.53,10.0188,-7.280246667,112.793221667
837,0.54,0.54,0.53,35.1576,-7.280175,112.79317
838,0.41,0.66,0.53,10.5732,-7.280175,112.79317
839,0.53,0.71,0.68,10.5732,-7.280175,112.79317
840,0.63,0.83,0.73,11.52,-7.280073333,112.793111667
841,0.43,0.53,0.42,12.5568,-7.279961667,112.79305
842,0.6,0.74,0.63,12.5568,-7.279961667,112.79305
843,0.53,0.61,0.63,13.6692,-7.27984,112.792968333
844,0.51,0.58,0.87,13.6692,-7.27984,112.792968333
845,0.51,0.55,0.22,14.6124,-7.279735,112.7929
846,0.51,0.58,0.56,14.6124,-7.279735,112.7929
847,0.5,0.63,0.58,15.0192,-7.279655,112.792861667
848,0.43,0.51,0.5,15.0192,-7.279655,112.792861667
849,0.41,0.6,0.53,15.1308,-7.279586667,112.79282
850,0.41,0.49,0.49,15.1308,-7.279586667,112.79282
851,0.45,0.54,0.68,15.6672,-7.2795,112.792791667
852,0.36,0.48,0.27,15.6672,-7.2795,112.792791667
853,0.58,0.43,0.66,24.3396,-7.279441667,112.792773333
854,0.46,0.55,0.62,15.6492,-7.279441667,112.792773333
855,0.51,0.58,0.54,27.2736,-7.279376667,112.792751667
856,0.62,0.63,0.56,15.7428,-7.279376667,112.792751667
857,0.46,0.5,0.58,15.7428,-7.279376667,112.792751667
858,0.52,0.66,0.6,15.7428,-7.279376667,112.792751667
859,0.43,0.51,0.47,15.7428,-7.279376667,112.792751667
860,0.36,0.68,0.45,15.7428,-7.279376667,112.792751667
861,0.51,0.73,0.65,15.7428,-7.279376667,112.792751667
862,0.45,0.74,0.67,15.7428,-7.279376667,112.792751667
863,0.5,0.76,0.53,15.7428,-7.279376667,112.792751667
864,0.45,0.61,0.49,15.7428,-7.279376667,112.792751667
865,0.43,0.55,0.61,15.7428,-7.279376667,112.792751667
866,0.44,0.66,0.54,15.7428,-7.279376667,112.792751667
867,0.55,0.67,0.64,15.7428,-7.279376667,112.792751667
868,0.63,0.67,0.58,15.7428,-7.279376667,112.792751667
869,0.42,0.69,0.5,15.7428,-7.279376667,112.792751667
870,0.5,0.68,0.54,15.7428,-7.279376667,112.792751667
871,0.53,0.69,0.49,15.7428,-7.279376667,112.792751667
872,0.57,0.44,0.5,15.7428,-7.279376667,112.792751667
873,0.88,0.68,0.43,15.7428,-7.279376667,112.792751667
874,0.49,0.63,0.62,15.7428,-7.279376667,112.792751667
875,0.42,0.56,0.73,15.7428,-7.279376667,112.792751667
876,0.53,0.51,0.76,15.7428,-7.279376667,112.792751667
877,0.32,0.49,0.72,15.7428,-7.279376667,112.792751667
878,0.31,0.49,0.54,15.7428,-7.279376667,112.792751667
879,0.46,0.63,0.7,15.7428,-7.279376667,112.792751667
880,0.26,0.66,0.43,15.7428,-7.279376667,112.792751667
881,0.3,0.57,0.54,15.7428,-7.279376667,112.792751667
882,0.15,0.53,0.45,15.7428,-7.279376667,112.792751667
883,0.37,0.6,0.54,15.7428,-7.279376667,112.792751667
884,0.2,0.6,0.62,15.7428,-7.279376667,112.792751667
885,0.11,0.46,0.69,15.7428,-7.279376667,112.792751667
886,0.18,0.67,0.69,15.7428,-7.279376667,112.792751667
887,0.15,0.68,0.38,15.7428,-7.279376667,112.792751667
888,0.25,0.48,0.96,15.7428,-7.279376667,112.792751667
889,-0.06,0.18,0.78,15.7428,-7.279376667,112.792751667
890,-0.19,0.27,1.04,15.7428,-7.279376667,112.792751667
891,0.14,-0.13,0.94,15.7428,-7.279376667,112.792751667
892,0.32,0.34,1.09,15.7428,-7.279376667,112.792751667
893,-0.6,0.68,1.14,15.7428,-7.279376667,112.792751667
894,-0.6,0.6,0.82,15.7428,-7.279376667,112.792751667
895,-0.49,0.56,0.54,15.7428,-7.279376667,112.792751667
896,0.42,0.28,0.64,nan,0.0,0.0
897,0.42,0.28,0.64,nan,0.0,0.0
898,0.42,0.28,0.64,nan,0.0,0.0
899,0.42,0.28,0.64,nan,0.0,0.0
900,0.41,0.3,0.69,nan,0.0,0.0
901,0.41,0.3,0.69,nan,0.0,0.0
902,0.41,0.3,0.69,nan,0.0,0.0
903,0.41,0.3,0.69,nan,0.0,0.0
904,0.41,0.3,0.69,nan,0.0,0.0
905,0.41,0.3,0.69,nan,0.0,0.0
906,0.34,0.26,0.68,nan,0.0,0.0
907,0.34,0.26,0.68,nan,0.0,0.0
908,0.34,0.26,0.68,nan,0.0,0.0
909,0.34,0.26,0.68,nan,0.0,0.0
910,0.34,0.26,0.68,nan,0.0,0.0
911,0.34,0.26,0.68,nan,0.0,0.0
912,0.26,0.31,0.62,nan,0.0,0.0
913,0.26,0.31,0.62,nan,0.0,0.0
914,0.26,0.31,0.62,nan,0.0,0.0
915,0.26,0.31,0.62,nan,0.0,0.0
916,0.26,0.31,0.62,nan,0.0,0.0
917,0.26,0.44,0.64,nan,0.0,0.0
918,0.26,0.44,0.64,nan,0.0,0.0
919,0.26,0.44,0.64,nan,0.0,0.0
920,0.24,0.55,0.71,nan,0.0,0.0
921,0.24,0.55,0.71,nan,0.0,0.0
922,0.24,0.55,0.71,nan,0.0,0.0
923,0.24,0.55,0.71,nan,0.0,0.0
924,0.24,0.55,0.71,nan,0.0,0.0
925,0.16,0.57,0.76,nan,0.0,0.0
926,0.16,0.57,0.76,nan,0.0,0.0
927,0.16,0.57,0.76,nan,0.0,0.0
928,0.16,0.57,0.76,nan,0.0,0.0
929,0.16,0.57,0.76,nan,0.0,0.0
930,0.16,0.57,0.76,nan,0.0,0.0
931,0.16,0.57,0.76,nan,0.0,0.0
932,0.15,0.56,0.79,nan,0.0,0.0
933,0.15,0.56,0.79,nan,0.0,0.0
934,0.15,0.56,0.79,nan,0.0,0.0
935,0.15,0.56,0.79,nan,0.0,0.0
936,0.15,0.56,0.79,nan,0.0,0.0
937,0.15,0.56,0.79,nan,0.0,0.0
938,0.15,0.56,0.79,nan,0.0,0.0
939,0.15,0.56,0.79,nan,0.0,0.0
940,0.15,0.56,0.79,nan,0.0,0.0
941,0.12,0.49,0.76,nan,0.0,0.0
942,0.12,0.49,0.76,nan,0.0,0.0
943,0.12,0.49,0.76,nan,0.0,0.0
944,0.12,0.49,0.76,nan,0.0,0.0
945,0.12,0.49,0.76,nan,0.0,0.0
946,0.12,0.49,0.76,nan,0.0,0.0
947,0.05,0.55,0.8,nan,0.0,0.0
948,0.05,0.55,0.8,nan,0.0,0.0
949,0.05,0.55,0.8,nan,0.0,0.0
950,0.05,0.55,0.8,nan,0.0,0.0
951,0.05,0.55,0.8,nan,0.0,0.0
952,0.05,0.55,0.8,nan,0.0,0.0
953,0.05,0.55,0.8,nan,0.0,0.0
954,0.05,0.55,0.8,nan,0.0,0.0
955,-0.02,0.51,0.7,nan,0.0,0.0
956,-0.02,0.51,0.7,nan,0.0,0.0
957,-0.02,0.51,0.7,nan,0.0,0.0
958,-0.02,0.51,0.7,nan,0.0,0.0
959,-0.02,0.51,0.7,nan,0.0,0.0
960,-0.02,0.51,0.7,nan,0.0,0.0
961,-0.02,0.51,0.7,nan,0.0,0.0
962,-0.02,0.51,0.7,nan,0.0,0.0
963,-0.15,0.41,0.74,nan,0.0,0.0
964,-0.15,0.41,0.74,nan,0.0,0.0
965,-0.15,0.41,0.74,nan,0.0,0.0
966,-0.15,0.41,0.74,nan,0.0,0.0
967,-0.15,0.41,0.74,nan,0.0,0.0
968,-0.15,0.41,0.74,nan,0.0,0.0
969,-0.15,0.41,0.74,nan,0.0,0.0
970,-0.03,0.54,0.89,nan,0.0,0.0
971,-0.03,0.54,0.89,nan,0.0,0.0
972,-0.03,0.54,0.89,nan,0.0,0.0
973,-0.03,0.54,0.89,nan,0.0,0.0
974,-0.03,0.54,0.89,nan,0.0,0.0
975,-0.03,0.54,0.89,nan,0.0,0.0
976,-0.03,0.54,0.89,nan,0.0,0.0
977,-0.03,0.54,0.89,nan,0.0,0.0
978,-0.03,0.54,0.89,nan,0.0,0.0
979,-0.19,0.61,1.1,nan,0.0,0.0
980,-0.19,0.61,1.1,nan,0.0,0.0
981,-0.19,0.61,1.1,nan,0.0,0.0
982,-0.19,0.61,1.1,nan,0.0,0.0
983,-0.19,0.61,1.1,nan,0.0,0.0
984,-0.19,0.61,1.1,nan,0.0,0.0
985,-0.19,0.61,1.1,nan,0.0,0.0
986,-0.16,0.63,1.14,nan,0.0,0.0
987,-0.16,0.63,1.14,nan,0.0,0.0
988,-0.16,0.63,1.14,nan,0.0,0.0
989,-0.16,0.63,1.14,nan,0.0,0.0
990,-0.16,0.63,1.14,nan,0.0,0.0
991,-0.16,0.63,1.14,nan,0.0,0.0
992,-0.16,0.63,1.14,nan,0.0,0.0
993,-0.16,0.63,1.14,nan,0.0,0.0
994,-0.17,0.58,1.07,nan,0.0,0.0
995,-0.17,0.58,1.07,nan,0.0,0.0
996,-0.17,0.58,1.07,nan,0.0,0.0
997,-0.17,0.58,1.07,nan,0.0,0.0
998,-0.17,0.58,1.07,nan,0.0,0.0
999,-0.17,0.58,1.07,nan,0.0,0.0
1000,-0.17,0.58,1.07,nan,0.0,0.0
1001,-0.17,0.58,1.07,nan,0.0,0.0
1002,-0.17,0.58,1.07,nan,0.0,0.0
1003,-0.17,0.63,1.12,nan,0.0,0.0
1004,-0.17,0.63,1.12,nan,0.0,0.0
1005,-0.17,0.63,1.12,nan,0.0,0.0
1006,-0.17,0.63,1.12,nan,0.0,0.0
1007,-0.17,0.63,1.12,nan,0.0,0.0
1008,-0.17,0.63,1.12,nan,0.0,0.0
1009,-0.17,0.63,1.12,nan,0.0,0.0
1010,-0.17,0.63,1.12,nan,0.0,0.0
1011,-0.17,0.63,1.12,nan,0.0,0.0
1012,-0.23,0.73,1.11,nan,0.0,0.0
1013,-0.23,0.73,1.11,nan,0.0,0.0
1014,-0.23,0.73,1.11,nan,0.0,0.0
1015,-0.23,0.73,1.11,nan,0.0,0.0
1016,-0.23,0.73,1.11,nan,0.0,0.0
1017,-0.23,0.73,1.11,nan,0.0,0.0
1018,-0.23,0.73,1.11,nan,0.0,0.0
1019,-0.26,0.76,0.88,nan,0.0,0.0
1020,-0.26,0.76,0.88,nan,0.0,0.0
1021,-0.26,0.76,0.88,nan,0.0,0.0
1022,-0.26,0.76,0.88,nan,0.0,0.0
1023,-0.26,0.76,0.88,nan,0.0,0.0
1024,-0.26,0.76,0.88,nan,0.0,0.0
1025,-0.26,0.76,0.88,nan,0.0,0.0
1026,-0.26,0.76,0.88,nan,0.0,0.0
1027,-0.26,0.76,0.88,nan,0.0,0.0
1028,-0.26,0.76,0.88,nan,0.0,0.0
1029,-0.28,0.74,0.79,nan,0.0,0.0
1030,-0.28,0.74,0.79,nan,0.0,0.0
1031,-0.28,0.74,0.79,nan,0.0,0.0
1032,-0.28,0.74,0.79,nan,0.0,0.0
1033,-0.28,0.74,0.79,nan,0.0,0.0
1034,-0.28,0.74,0.79,nan,0.0,0.0
1035,-0.28,0.74,0.79,nan,0.0,0.0
1036,-0.28,0.74,0.79,nan,0.0,0.0
1037,-0.27,0.76,0.79,nan,0.0,0.0
1038,-0.27,0.76,0.79,nan,0.0,0.0
1039,-0.27,0.76,0.79,nan,0.0,0.0
1040,-0.27,0.76,0.79,nan,0.0,0.0
1041,-0.27,0.76,0.79,nan,0.0,0.0
1042,-0.27,0.76,0.79,nan,0.0,0.0
1043,-0.31,0.74,0.76,nan,0.0,0.0
1044,-0.31,0.74,0.76,nan,0.0,0.0
1045,-0.31,0.74,0.76,nan,0.0,0.0
1046,-0.31,0.74,0.76,nan,0.0,0.0
1047,-0.31,0.74,0.76,nan,0.0,0.0
1048,-0.31,0.74,0.76,nan,0.0,0.0
1049,-0.31,0.74,0.76,nan,0.0,0.0
1050,-0.31,0.74,0.76,nan,0.0,0.0
1051,-0.31,0.74,0.76,nan,0.0,0.0
1052,-0.32,0.67,0.7,nan,0.0,0.0
1053,-0.32,0.67,0.7,nan,0.0,0.0
1054,-0.32,0.67,0.7,nan,0.0,0.0
1055,-0.32,0.67,0.7,nan,0.0,0.0
1056,-0.32,0.67,0.7,nan,0.0,0.0
1057,-0.32,0.67,0.7,nan,0.0,0.0
1058,-0.32,0.67,0.7,nan,0.0,0.0
1059,-0.32,0.67,0.7,nan,0.0,0.0
1060,-0.33,0.58,0.72,nan,0.0,0.0
1061,-0.33,0.58,0.72,nan,0.0,0.0
1062,-0.33,0.58,0.72,nan,0.0,0.0
1063,-0.33,0.58,0.72,nan,0.0,0.0
1064,-0.33,0.58,0.72,nan,0.0,0.0
1065,-0.33,0.58,0.72,nan,0.0,0.0
1066,-0.33,0.58,0.72,nan,0.0,0.0
1067,-0.32,0.54,0.72,nan,0.0,0.0
1068,-0.32,0.54,0.72,nan,0.0,0.0
1069,-0.32,0.54,0.72,nan,0.0,0.0
1070,-0.32,0.54,0.72,nan,0.0,0.0
1071,-0.32,0.54,0.72,nan,0.0,0.0
1072,-0.32,0.54,0.72,nan,0.0,0.0
1073,-0.32,0.54,0.72,nan,0.0,0.0
1074,-0.32,0.54,0.72,nan,0.0,0.0
1075,-0.32,0.54,0.72,nan,0.0,0.0
1076,-0.35,0.5,0.69,nan,0.0,0.0
1077,-0.35,0.5,0.69,nan,0.0,0.0
1078,-0.35,0.5,0.69,nan,0.0,0.0
1079,-0.35,0.5,0.69,nan,0.0,0.0
1080,-0.35,0.5,0.69,nan,0.0,0.0
1081,-0.35,0.5,0.69,nan,0.0,0.0
1082,-0.35,0.5,0.69,nan,0.0,0.0
1083,-0.35,0.5,0.69,nan,0.0,0.0
1084,-0.35,0.5,0.69,nan,0.0,0.0
1085,-0.35,0.5,0.69,nan,0.0,0.0
1086,-0.44,0.44,0.78,nan,0.0,0.0
1087,-0.44,0.44,0.78,nan,0.0,0.0
1088,-0.44,0.44,0.78,nan,0.0,0.0
1089,-0.44,0.44,0.78,nan,0.0,0.0
1090,-0.44,0.44,0.78,nan,0.0,0.0
1091,-0.44,0.44,0.78,nan,0.0,0.0
1092,-0.44,0.44,0.78,nan,0.0,0.0
1093,-0.47,0.4,0.83,nan,0.0,0.0
1094,-0.47,0.4,0.83,nan,0.0,0.0
1095,-0.47,0.4,0.83,nan,0.0,0.0
1096,-0.47,0.4,0.83,nan,0.0,0.0
1097,-0.47,0.4,0.83,nan,0.0,0.0
1098,-0.47,0.4,0.83,nan,0.0,0.0
1099,-0.47,0.4,0.83,nan,0.0,0.0
1100,-0.47,0.4,0.83,nan,0.0,0.0
1101,-0.56,0.36,0.75,nan,0.0,0.0
1102,-0.56,0.36,0.75,nan,0.0,0.0
1103,-0.56,0.36,0.75,nan,0.0,0.0
1104,-0.56,0.36,0.75,nan,0.0,0.0
1105,-0.56,0.36,0.75,nan,0.0,0.0
1106,-0.56,0.36,0.75,nan,0.0,0.0
1107,-0.56,0.36,0.75,nan,0.0,0.0
1108,-0.56,0.36,0.75,nan,0.0,0.0
1109,-0.62,0.29,0.82,nan,0.0,0.0
1110,-0.62,0.29,0.82,nan,0.0,0.0
1111,-0.62,0.29,0.82,nan,0.0,0.0
1112,-0.62,0.29,0.82,nan,0.0,0.0
1113,-0.62,0.29,0.82,nan,0.0,0.0
1114,-0.62,0.29,0.82,nan,0.0,0.0
1115,-0.62,0.29,0.82,nan,0.0,0.0
1116,-0.6,0.24,0.87,nan,0.0,0.0
1117,-0.6,0.24,0.87,nan,0.0,0.0
1118,-0.6,0.24,0.87,nan,0.0,0.0
1119,-0.6,0.24,0.87,nan,0.0,0.0
1120,-0.6,0.24,0.87,nan,0.0,0.0
1121,-0.6,0.24,0.87,nan,0.0,0.0
1122,-0.6,0.24,0.87,nan,0.0,0.0
1123,-0.6,0.24,0.87,nan,0.0,0.0
1124,-0.6,0.24,0.87,nan,0.0,0.0
1125,-0.61,0.19,0.95,nan,0.0,0.0
1126,-0.61,0.19,0.95,nan,0.0,0.0
1127,-0.61,0.19,0.95,nan,0.0,0.0
1128,-0.61,0.19,0.95,nan,0.0,0.0
1129,-0.61,0.19,0.95,nan,0.0,0.0
1130,-0.61,0.19,0.95,nan,0.0,0.0
1131,-0.61,0.19,0.95,nan,0.0,0.0
1132,-0.61,0.19,0.95,nan,0.0,0.0
1133,-0.61,0.19,0.95,nan,0.0,0.0
1134,-0.57,0.17,0.9,nan,0.0,0.0
1135,-0.57,0.17,0.9,nan,0.0,0.0
1136,-0.57,0.17,0.9,nan,0.0,0.0
1137,-0.57,0.17,0.9,nan,0.0,0.0
1138,-0.57,0.17,0.9,nan,0.0,0.0
1139,-0.57,0.17,0.9,nan,0.0,0.0
1140,-0.57,0.17,0.9,nan,0.0,0.0
1141,-0.46,0.2,0.76,nan,0.0,0.0
1142,-0.46,0.2,0.76,nan,0.0,0.0
1143,-0.46,0.2,0.76,nan,0.0,0.0
1144,-0.46,0.2,0.76,nan,0.0,0.0
1145,-0.46,0.2,0.76,nan,0.0,0.0
1146,-0.46,0.2,0.76,nan,0.0,0.0
1147,-0.46,0.2,0.76,nan,0.0,0.0
1148,-0.46,0.2,0.76,nan,0.0,0.0
1149,-0.46,0.2,0.76,nan,0.0,0.0
1150,-0.36,0.3,0.76,nan,0.0,0.0
1151,-0.36,0.3,0.76,nan,0.0,0.0
1152,-0.36,0.3,0.76,nan,0.0,0.0
1153,-0.36,0.3,0.76,nan,0.0,0.0
1154,-0.36,0.3,0.76,nan,0.0,0.0
1155,-0.36,0.3,0.76,nan,0.0,0.0
1156,-0.36,0.3,0.76,nan,0.0,0.0
1157,-0.36,0.3,0.76,nan,0.0,0.0
1158,-0.36,0.3,0.76,nan,0.0,0.0
1159,-0.32,0.39,0.73,nan,0.0,0.0
1160,-0.32,0.39,0.73,nan,0.0,0.0
1161,-0.32,0.39,0.73,nan,0.0,0.0
1162,-0.32,0.39,0.73,nan,0.0,0.0
1163,-0.32,0.39,0.73,nan,0.0,0.0
1164,-0.32,0.39,0.73,nan,0.0,0.0
1165,-0.32,0.39,0.73,nan,0.0,0.0
1166,-0.26,0.46,0.7,nan,0.0,0.0
1167,-0.26,0.46,0.7,nan,0.0,0.0
1168,-0.26,0.46,0.7,nan,0.0,0.0
1169,-0.26,0.46,0.7,nan,0.0,0.0
1170,-0.26,0.46,0.7,nan,0.0,0.0
1171,-0.26,0.46,0.7,nan,0.0,0.0
1172,-0.26,0.46,0.7,nan,0.0,0.0
1173,-0.26,0.46,0.7,nan,0.0,0.0
1174,-0.2,0.53,0.67,nan,0.0,0.0
1175,-0.2,0.53,0.67,nan,0.0,0.0
1176,-0.2,0.53,0.67,nan,0.0,0.0
1177,-0.2,0.53,0.67,nan,0.0,0.0
1178,-0.2,0.53,0.67,nan,0.0,0.0
1179,-0.2,0.53,0.67,nan,0.0,0.0
1180,-0.2,0.53,0.67,nan,0.0,0.0
1181,-0.2,0.53,0.67,nan,0.0,0.0
1182,-0.19,0.58,0.64,nan,0.0,0.0
1183,-0.19,0.58,0.64,nan,0.0,0.0
1184,-0.19,0.58,0.64,nan,0.0,0.0
1185,-0.19,0.58,0.64,nan,0.0,0.0
1186,-0.19,0.58,0.64,nan,0.0,0.0
1187,-0.19,0.58,0.64,nan,0.0,0.0
1188,-0.19,0.58,0.64,nan,0.0,0.0
1189,-0.17,0.61,0.7,nan,0.0,0.0
1190,-0.17,0.61,0.7,nan,0.0,0.0
1191,-0.17,0.61,0.7,nan,0.0,0.0
1192,-0.17,0.61,0.7,nan,0.0,0.0
1193,-0.17,0.61,0.7,nan,0.0,0.0
1194,-0.17,0.61,0.7,nan,0.0,0.0
1195,-0.17,0.61,0.7,nan,0.0,0.0
1196,-0.17,0.61,0.7,nan,0.0,0.0
1197,-0.19,0.64,0.74,nan,0.0,0.0
1198,-0.19,0.64,0.74,nan,0.0,0.0
1199,-0.19,0.64,0.74,nan,0.0,0.0
1200,-0.19,0.64,0.74,nan,0.0,0.0
1201,-0.19,0.64,0.74,nan,0.0,0.0
1202,-0.19,0.64,0.74,nan,0.0,0.0
1203,-0.19,0.64,0.74,nan,0.0,0.0
1204,-0.19,0.64,0.74,nan,0.0,0.0
1205,-0.26,0.69,0.82,nan,0.0,0.0
1206,-0.26,0.69,0.82,nan,0.0,0.0
1207,-0.26,0.69,0.82,nan,0.0,0.0
1208,-0.26,0.69,0.82,nan,0.0,0.0
1209,-0.26,0.69,0.82,nan,0.0,0.0
1210,-0.26,0.69,0.82,nan,0.0,0.0
1211,-0.26,0.69,0.82,nan,0.0,0.0
1212,-0.32,0.7,0.9,nan,0.0,0.0
1213,-0.32,0.7,0.9,nan,0.0,0.0
1214,-0.32,0.7,0.9,nan,0.0,0.0
1215,-0.32,0.7,0.9,nan,0.0,0.0
1216,-0.32,0.7,0.9,nan,0.0,0.0
1217,-0.32,0.7,0.9,nan,0.0,0.0
1218,-0.32,0.7,0.9,nan,0.0,0.0
1219,-0.32,0.7,0.9,nan,0.0,0.0
1220,-0.32,0.7,0.9,nan,0.0,0.0
1221,-0.31,0.69,0.89,nan,0.0,0.0
1222,-0.31,0.69,0.89,nan,0.0,0.0
1223,-0.31,0.69,0.89,nan,0.0,0.0
1224,-0.31,0.69,0.89,nan,0.0,0.0
1225,-0.31,0.69,0.89,nan,0.0,0.0
1226,-0.31,0.69,0.89,nan,0.0,0.0
1227,-0.31,0.69,0.89,nan,0.0,0.0
1228,-0.32,0.63,0.84,nan,0.0,0.0
1229,-0.32,0.63,0.84,nan,0.0,0.0
1230,-0.32,0.63,0.84,nan,0.0,0.0
1231,-0.32,0.63,0.84,nan,0.0,0.0
1232,-0.32,0.63,0.84,nan,0.0,0.0
1233,-0.32,0.63,0.84,nan,0.0,0.0
1234,-0.32,0.63,0.84,nan,0.0,0.0
1235,-0.32,0.63,0.84,nan,0.0,0.0
1236,-0.34,0.53,0.83,nan,0.0,0.0
1237,-0.34,0.53,0.83,nan,0.0,0.0
1238,-0.34,0.53,0.83,nan,0.0,0.0
1239,-0.34,0.53,0.83,nan,0.0,0.0
1240,-0.34,0.53,0.83,nan,0.0,0.0
1241,-0.34,0.53,0.83,nan,0.0,0.0
1242,-0.34,0.53,0.83,nan,0.0,0.0
1243,-0.34,0.53,0.83,nan,0.0,0.0
1244,-0.34,0.53,0.83,nan,0.0,0.0
1245,-0.37,0.5,0.84,nan,0.0,0.0
1246,-0.37,0.5,0.84,nan,0.0,0.0
1247,-0.37,0.5,0.84,nan,0.0,0.0
1248,-0.37,0.5,0.84,nan,0.0,0.0
1249,-0.37,0.5,0.84,nan,0.0,0.0
1250,-0.37,0.5,0.84,nan,0.0,0.0
1251,-0.37,0.5,0.84,nan,0.0,0.0
1252,-0.37,0.5,0.84,nan,0.0,0.0
1253,-0.49,0.45,0.86,nan,0.0,0.0
1254,-0.49,0.45,0.86,nan,0.0,0.0
1255,-0.49,0.45,0.86,nan,0.0,0.0
1256,-0.49,0.45,0.86,nan,0.0,0.0
1257,-0.49,0.45,0.86,nan,0.0,0.0
1258,-0.49,0.45,0.86,nan,0.0,0.0
1259,-0.49,0.45,0.86,nan,0.0,0.0
1260,-0.5,0.39,0.97,nan,0.0,0.0
1261,-0.5,0.39,0.97,nan,0.0,0.0
1262,-0.5,0.39,0.97,nan,0.0,0.0
1263,-0.5,0.39,0.97,nan,0.0,0.0
1264,-0.5,0.39,0.97,nan,0.0,0.0
1265,-0.5,0.39,0.97,nan,0.0,0.0
1266,-0.5,0.39,0.97,nan,0.0,0.0
1267,-0.5,0.39,0.97,nan,0.0,0.0
1268,-0.51,0.49,0.93,nan,0.0,0.0
1269,-0.51,0.49,0.93,nan,0.0,0.0
1270,-0.51,0.49,0.93,nan,0.0,0.0
1271,-0.51,0.49,0.93,nan,0.0,0.0
1272,-0.51,0.49,0.93,nan,0.0,0.0
1273,-0.51,0.49,0.93,nan,0.0,0.0
1274,-0.51,0.49,0.93,nan,0.0,0.0
1275,-0.51,0.49,0.93,nan,0.0,0.0
1276,-0.51,0.6,0.96,nan,0.0,0.0
1277,-0.51,0.6,0.96,nan,0.0,0.0
1278,-0.51,0.6,0.96,nan,0.0,0.0
1279,-0.51,0.6,0.96,nan,0.0,0.0
1280,-0.51,0.6,0.96,nan,0.0,0.0
1281,-0.51,0.6,0.96,nan,0.0,0.0
1282,-0.51,0.6,0.96,nan,0.0,0.0
1283,-0.59,0.64,0.93,nan,0.0,0.0
1284,-0.59,0.64,0.93,nan,0.0,0.0
1285,-0.59,0.64,0.93,nan,0.0,0.0
1286,-0.59,0.64,0.93,nan,0.0,0.0
1287,-0.59,0.64,0.93,nan,0.0,0.0
1288,-0.59,0.64,0.93,nan,0.0,0.0
1289,-0.59,0.64,0.93,nan,0.0,0.0
1290,-0.59,0.64,0.93,nan,0.0,0.0
1291,-0.59,0.64,0.93,nan,0.0,0.0
1292,-0.52,0.64,0.97,nan,0.0,0.0
1293,-0.52,0.64,0.97,nan,0.0,0.0
1294,-0.52,0.64,0.97,nan,0.0,0.0
1295,-0.52,0.64,0.97,nan,0.0,0.0
1296,-0.52,0.64,0.97,nan,0.0,0.0
1297,-0.52,0.64,0.97,nan,0.0,0.0
1298,-0.52,0.64,0.97,nan,0.0,0.0
1299,-0.49,0.78,0.87,nan,0.0,0.0
1300,-0.49,0.78,0.87,nan,0.0,0.0
1301,-0.49,0.78,0.87,nan,0.0,0.0
1302,-0.49,0.78,0.87,nan,0.0,0.0
1303,-0.49,0.78,0.87,nan,0.0,0.0
1304,-0.49,0.78,0.87,nan,0.0,0.0
1305,-0.49,0.78,0.87,nan,0.0,0.0
1306,-0.52,0.6,1.25,nan,0.0,0.0
1307,-0.52,0.6,1.25,nan,0.0,0.0
1308,-0.52,0.6,1.25,nan,0.0,0.0
1309,-0.52,0.6,1.25,nan,0.0,0.0
1310,-0.52,0.6,1.25,nan,0.0,0.0
1311,-0.52,0.6,1.25,nan,0.0,0.0
1312,-0.52,0.6,1.25,nan,0.0,0.0
1313,-0.52,0.6,1.25,nan,0.0,0.0
1314,-0.52,0.6,1.25,nan,0.0,0.0
1315,-0.59,0.55,0.93,nan,0.0,0.0
1316,-0.59,0.55,0.93,nan,0.0,0.0
1317,-0.59,0.55,0.93,nan,0.0,0.0
1318,-0.59,0.55,0.93,nan,0.0,0.0
1319,-0.59,0.55,0.93,nan,0.0,0.0
1320,-0.59,0.55,0.93,nan,0.0,0.0
1321,-0.59,0.55,0.93,nan,0.0,0.0
1322,-0.59,0.55,0.93,nan,0.0,0.0
1323,-0.59,0.55,0.93,nan,0.0,0.0
1324,-0.54,0.54,0.87,nan,0.0,0.0
1325,-0.54,0.54,0.87,nan,0.0,0.0
1326,-0.54,0.54,0.87,nan,0.0,0.0
1327,-0.54,0.54,0.87,nan,0.0,0.0
1328,-0.54,0.54,0.87,nan,0.0,0.0
1329,-0.54,0.54,0.87,nan,0.0,0.0
1330,-0.54,0.54,0.87,nan,0.0,0.0
1331,-0.45,0.55,0.82,nan,0.0,0.0
1332,-0.45,0.55,0.82,nan,0.0,0.0
1333,-0.45,0.55,0.82,nan,0.0,0.0
1334,-0.45,0.55,0.82,nan,0.0,0.0
1335,-0.45,0.55,0.82,nan,0.0,0.0
1336,-0.45,0.55,0.82,nan,0.0,0.0
1337,-0.45,0.55,0.82,nan,0.0,0.0
1338,-0.45,0.55,0.82,nan,0.0,0.0
1339,-0.37,0.5,0.72,nan,0.0,0.0
1340,-0.37,0.5,0.72,nan,0.0,0.0
1341,-0.37,0.5,0.72,nan,0.0,0.0
1342,-0.37,0.5,0.72,nan,0.0,0.0
1343,-0.37,0.5,0.72,nan,0.0,0.0
1344,-0.37,0.5,0.72,nan,0.0,0.0
1345,-0.37,0.5,0.72,nan,0.0,0.0
1346,-0.37,0.5,0.72,nan,0.0,0.0
1347,-0.31,0.45,0.68,nan,0.0,0.0
1348,-0.31,0.45,0.68,nan,0.0,0.0
1349,-0.31,0.45,0.68,nan,0.0,0.0
1350,-0.31,0.45,0.68,nan,0.0,0.0
1351,-0.31,0.45,0.68,nan,0.0,0.0
1352,-0.31,0.45,0.68,nan,0.0,0.0
1353,-0.31,0.45,0.68,nan,0.0,0.0
1354,-0.29,0.44,0.67,nan,0.0,0.0
1355,-0.29,0.44,0.67,nan,0.0,0.0
1356,-0.29,0.44,0.67,nan,0.0,0.0
1357,-0.29,0.44,0.67,nan,0.0,0.0
1358,-0.29,0.44,0.67,nan,0.0,0.0
1359,-0.29,0.44,0.67,nan,0.0,0.0
1360,-0.29,0.44,0.67,nan,0.0,0.0
1361,-0.29,0.44,0.67,nan,0.0,0.0
1362,-0.29,0.44,0.67,nan,0.0,0.0
1363,-0.36,0.47,0.68,nan,0.0,0.0
1364,-0.36,0.47,0.68,nan,0.0,0.0
1365,-0.36,0.47,0.68,nan,0.0,0.0
1366,-0.36,0.47,0.68,nan,0.0,0.0
1367,-0.36,0.47,0.68,nan,0.0,0.0
1368,-0.36,0.47,0.68,nan,0.0,0.0
1369,-0.36,0.47,0.68,nan,0.0,0.0
1370,-0.43,0.45,0.67,nan,0.0,0.0
1371,-0.43,0.45,0.67,nan,0.0,0.0
1372,-0.43,0.45,0.67,nan,0.0,0.0
1373,-0.43,0.45,0.67,nan,0.0,0.0
1374,-0.43,0.45,0.67,nan,0.0,0.0
1375,-0.43,0.45,0.67,nan,0.0,0.0
1376,-0.43,0.45,0.67,nan,0.0,0.0
1377,-0.39,0.45,0.6,nan,0.0,0.0
1378,-0.39,0.45,0.6,nan,0.0,0.0
1379,-0.39,0.45,0.6,nan,0.0,0.0
1380,-0.39,0.45,0.6,nan,0.0,0.0
1381,-0.39,0.45,0.6,nan,0.0,0.0
1382,-0.39,0.45,0.6,nan,0.0,0.0
1383,-0.39,0.45,0.6,nan,0.0,0.0
1384,-0.39,0.45,0.6,nan,0.0,0.0
1385,-0.36,0.4,0.73,nan,0.0,0.0
1386,-0.36,0.4,0.73,nan,0.0,0.0
1387,-0.36,0.4,0.73,nan,0.0,0.0
1388,-0.36,0.4,0.73,nan,0.0,0.0
1389,-0.36,0.4,0.73,nan,0.0,0.0
1390,-0.36,0.4,0.73,nan,0.0,0.0
1391,-0.36,0.4,0.73,nan,0.0,0.0
1392,-0.36,0.4,0.73,nan,0.0,0.0
1393,-0.36,0.36,0.86,nan,0.0,0.0
1394,-0.36,0.36,0.86,nan,0.0,0.0
1395,-0.36,0.36,0.86,nan,0.0,0.0
1396,-0.36,0.36,0.86,nan,0.0,0.0
1397,-0.36,0.36,0.86,nan,0.0,0.0
1398,-0.36,0.36,0.86,nan,0.0,0.0
1399,-0.36,0.36,0.86,nan,0.0,0.0
1400,-0.37,0.35,0.8,nan,0.0,0.0
1401,-0.37,0.35,0.8,nan,0.0,0.0
1402,-0.37,0.35,0.8,nan,0.0,0.0
1403,-0.37,0.35,0.8,nan,0.0,0.0
1404,-0.37,0.35,0.8,nan,0.0,0.0
1405,-0.37,0.35,0.8,nan,0.0,0.0
1406,-0.37,0.35,0.8,nan,0.0,0.0
1407,-0.37,0.35,0.8,nan,0.0,0.0
1408,-0.37,0.35,0.8,nan,0.0,0.0
1409,-0.41,0.46,0.81,nan,0.0,0.0
1410,-0.41,0.46,0.81,nan,0.0,0.0
1411,-0.41,0.46,0.81,nan,0.0,0.0
1412,-0.41,0.46,0.81,nan,0.0,0.0
1413,-0.41,0.46,0.81,nan,0.0,0.0
1414,-0.41,0.46,0.81,nan,0.0,0.0
1415,-0.41,0.46,0.81,nan,0.0,0.0
1416,-0.41,0.46,0.81,nan,0.0,0.0
1417,-0.41,0.46,0.81,nan,0.0,0.0
1418,-0.45,0.55,0.79,nan,0.0,0.0
1419,-0.45,0.55,0.79,nan,0.0,0.0
1420,-0.45,0.55,0.79,nan,0.0,0.0
1421,-0.45,0.55,0.79,nan,0.0,0.0
1422,-0.45,0.55,0.79,nan,0.0,0.0
1423,-0.45,0.55,0.79,nan,0.0,0.0
1424,-0.38,0.55,0.73,nan,0.0,0.0
1425,-0.38,0.55,0.73,nan,0.0,0.0
1426,-0.38,0.55,0.73,nan,0.0,0.0
1427,-0.38,0.55,0.73,nan,0.0,0.0
1428,-0.38,0.55,0.73,nan,0.0,0.0
1429,-0.38,0.55,0.73,nan,0.0,0.0
1430,-0.38,0.55,0.73,nan,0.0,0.0
1431,-0.38,0.55,0.73,nan,0.0,0.0
1432,-0.38,0.55,0.73,nan,0.0,0.0
1433,-0.36,0.54,0.68,nan,0.0,0.0
1434,-0.36,0.54,0.68,nan,0.0,0.0
1435,-0.36,0.54,0.68,nan,0.0,0.0
1436,-0.36,0.54,0.68,nan,0.0,0.0
1437,-0.36,0.54,0.68,nan,0.0,0.0
1438,-0.36,0.54,0.68,nan,0.0,0.0
1439,-0.36,0.54,0.68,nan,0.0,0.0
1440,-0.4,0.42,0.73,nan,0.0,0.0
1441,-0.4,0.42,0.73,nan,0.0,0.0
1442,-0.4,0.42,0.73,nan,0.0,0.0
1443,-0.4,0.42,0.73,nan,0.0,0.0
1444,-0.4,0.42,0.73,nan,0.0,0.0
1445,-0.4,0.42,0.73,nan,0.0,0.0
1446,-0.4,0.42,0.73,nan,0.0,0.0
1447,-0.4,0.35,0.8,nan,0.0,0.0
1448,-0.4,0.35,0.8,nan,0.0,0.0
1449,-0.4,0.35,0.8,nan,0.0,0.0
1450,-0.4,0.35,0.8,nan,0.0,0.0
1451,-0.4,0.35,0.8,nan,0.0,0.0
1452,-0.4,0.35,0.8,nan,0.0,0.0
1453,-0.4,0.35,0.8,nan,0.0,0.0
1454,-0.4,0.35,0.8,nan,0.0,0.0
1455,-0.4,0.35,0.8,nan,0.0,0.0
1456,-0.42,0.43,0.93,nan,0.0,0.0
1457,-0.42,0.43,0.93,nan,0.0,0.0
1458,-0.42,0.43,0.93,nan,0.0,0.0
1459,-0.42,0.43,0.93,nan,0.0,0.0
1460,-0.42,0.43,0.93,nan,0.0,0.0
1461,-0.42,0.43,0.93,nan,0.0,0.0
1462,-0.42,0.43,0.93,nan,0.0,0.0
1463,-0.42,0.43,0.93,nan,0.0,0.0
1464,-0.42,0.5,0.98,nan,0.0,0.0
1465,-0.42,0.5,0.98,nan,0.0,0.0
1466,-0.42,0.5,0.98,nan,0.0,0.0
1467,-0.42,0.5,0.98,nan,0.0,0.0
1468,-0.42,0.5,0.98,nan,0.0,0.0
1469,-0.42,0.5,0.98,nan,0.0,0.0
1470,-0.42,0.5,0.98,nan,0.0,0.0
1471,-0.5,0.57,0.93,nan,0.0,0.0
1472,-0.5,0.57,0.93,nan,0.0,0.0
1473,-0.5,0.57,0.93,nan,0.0,0.0
1474,-0.5,0.57,0.93,nan,0.0,0.0
1475,-0.5,0.57,0.93,nan,0.0,0.0
1476,-0.5,0.57,0.93,nan,0.0,0.0
1477,-0.5,0.57,0.93,nan,0.0,0.0
1478,-0.5,0.57,0.93,nan,0.0,0.0
1479,-0.5,0.57,0.93,nan,0.0,0.0
1480,-0.57,0.54,0.85,nan,0.0,0.0
1481,-0.57,0.54,0.85,nan,0.0,0.0
1482,-0.57,0.54,0.85,nan,0.0,0.0
1483,-0.57,0.54,0.85,nan,0.0,0.0
1484,-0.57,0.54,0.85,nan,0.0,0.0
1485,-0.57,0.54,0.85,nan,0.0,0.0
1486,-0.67,0.53,0.87,nan,0.0,0.0
1487,-0.67,0.53,0.87,nan,0.0,0.0
1488,-0.67,0.53,0.87,nan,0.0,0.0
1489,-0.67,0.53,0.87,nan,0.0,0.0
1490,-0.67,0.53,0.87,nan,0.0,0.0
1491,-0.67,0.53,0.87,nan,0.0,0.0
1492,-0.58,0.46,0.83,nan,0.0,0.0
1493,-0.58,0.46,0.83,nan,0.0,0.0
1494,-0.58,0.46,0.83,nan,0.0,0.0
1495,-0.58,0.46,0.83,nan,0.0,0.0
1496,-0.58,0.46,0.83,nan,0.0,0.0
1497,-0.58,0.46,0.83,nan,0.0,0.0
1498,-0.46,0.44,0.84,nan,0.0,0.0
1499,-0.46,0.44,0.84,nan,0.0,0.0
1500,-0.46,0.44,0.84,nan,0.0,0.0
1501,-0.46,0.44,0.84,nan,0.0,0.0
1502,-0.46,0.44,0.84,nan,0.0,0.0
1503,-0.46,0.44,0.84,nan,0.0,0.0
1504,-0.46,0.44,0.84,nan,0.0,0.0
1505,-0.49,0.43,0.81,nan,0.0,0.0
1506,-0.49,0.43,0.81,nan,0.0,0.0
1507,-0.49,0.43,0.81,nan,0.0,0.0
1508,-0.49,0.43,0.81,nan,0.0,0.0
1509,-0.49,0.43,0.81,nan,0.0,0.0
1510,-0.49,0.43,0.81,nan,0.0,0.0
1511,-0.46,0.45,0.75,nan,0.0,0.0
1512,-0.46,0.45,0.75,nan,0.0,0.0
1513,-0.46,0.45,0.75,nan,0.0,0.0
1514,-0.46,0.45,0.75,nan,0.0,0.0
1515,-0.46,0.45,0.75,nan,0.0,0.0
1516,-0.46,0.45,0.75,nan,0.0,0.0
1517,-0.41,0.43,0.73,nan,0.0,0.0
1518,-0.41,0.43,0.73,nan,0.0,0.0
1519,-0.41,0.43,0.73,nan,0.0,0.0
1520,-0.41,0.43,0.73,nan,0.0,0.0
1521,-0.41,0.43,0.73,nan,0.0,0.0
1522,-0.41,0.43,0.73,nan,0.0,0.0
1523,-0.41,0.43,0.73,nan,0.0,0.0
1524,-0.41,0.43,0.73,nan,0.0,0.0
1525,-0.44,0.45,0.73,nan,0.0,0.0
1526,-0.44,0.45,0.73,nan,0.0,0.0
1527,-0.44,0.45,0.73,nan,0.0,0.0
1528,-0.44,0.45,0.73,nan,0.0,0.0
1529,-0.44,0.45,0.73,nan,0.0,0.0
1530,-0.51,0.41,0.75,nan,0.0,0.0
1531,-0.51,0.41,0.75,nan,0.0,0.0
1532,-0.51,0.41,0.75,nan,0.0,0.0
1533,-0.51,0.41,0.75,nan,0.0,0.0
1534,-0.51,0.41,0.75,nan,0.0,0.0
1535,-0.51,0.41,0.75,nan,0.0,0.0
1536,-0.41,0.38,0.67,nan,0.0,0.0
1537,-0.41,0.38,0.67,nan,0.0,0.0
1538,-0.41,0.38,0.67,nan,0.0,0.0
1539,-0.41,0.38,0.67,nan,0.0,0.0
1540,-0.41,0.38,0.67,nan,0.0,0.0
1541,-0.41,0.38,0.67,nan,0.0,0.0
1542,-0.41,0.38,0.67,nan,0.0,0.0
1543,-0.4,0.35,0.71,nan,0.0,0.0
1544,-0.4,0.35,0.71,nan,0.0,0.0
1545,-0.4,0.35,0.71,nan,0.0,0.0
1546,-0.4,0.35,0.71,nan,0.0,0.0
1547,-0.4,0.35,0.71,nan,0.0,0.0
1548,-0.4,0.35,0.71,nan,0.0,0.0
1549,-0.48,0.41,0.79,nan,0.0,0.0
1550,-0.48,0.41,0.79,nan,0.0,0.0
1551,-0.48,0.41,0.79,nan,0.0,0.0
1552,-0.48,0.41,0.79,nan,0.0,0.0
1553,-0.48,0.41,0.79,nan,0.0,0.0
1554,-0.48,0.41,0.79,nan,0.0,0.0
1555,-0.48,0.41,0.79,nan,0.0,0.0
1556,-0.48,0.41,0.79,nan,0.0,0.0
1557,-0.44,0.45,0.76,nan,0.0,0.0
1558,-0.44,0.45,0.76,nan,0.0,0.0
1559,-0.44,0.45,0.76,nan,0.0,0.0
1560,-0.44,0.45,0.76,nan,0.0,0.0
1561,-0.44,0.45,0.76,nan,0.0,0.0
1562,-0.44,0.45,0.76,nan,0.0,0.0
1563,-0.44,0.45,0.76,nan,0.0,0.0
1564,-0.44,0.45,0.76,nan,0.0,0.0
1565,-0.49,0.46,0.72,nan,0.0,0.0
1566,-0.49,0.46,0.72,nan,0.0,0.0
1567,-0.49,0.46,0.72,nan,0.0,0.0
1568,-0.49,0.46,0.72,nan,0.0,0.0
1569,-0.49,0.46,0.72,nan,0.0,0.0
1570,-0.49,0.46,0.72,nan,0.0,0.0
1571,-0.49,0.46,0.72,nan,0.0,0.0
1572,-0.54,0.48,0.75,nan,0.0,0.0
1573,-0.54,0.48,0.75,nan,0.0,0.0
1574,-0.54,0.48,0.75,nan,0.0,0.0
1575,-0.54,0.48,0.75,nan,0.0,0.0
1576,-0.54,0.48,0.75,nan,0.0,0.0
1577,-0.54,0.48,0.75,nan,0.0,0.0
1578,-0.54,0.48,0.75,nan,0.0,0.0
1579,-0.54,0.48,0.75,nan,0.0,0.0
1580,-0.54,0.48,0.75,nan,0.0,0.0
1581,-0.58,0.42,0.72,nan,0.0,0.0
1582,-0.58,0.42,0.72,nan,0.0,0.0
1583,-0.58,0.42,0.72,nan,0.0,0.0
1584,-0.58,0.42,0.72,nan,0.0,0.0
1585,-0.58,0.42,0.72,nan,0.0,0.0
1586,-0.58,0.42,0.72,nan,0.0,0.0
1587,-0.58,0.42,0.72,nan,0.0,0.0
1588,-0.56,0.41,0.77,nan,0.0,0.0
1589,-0.56,0.41,0.77,nan,0.0,0.0
1590,-0.56,0.41,0.77,nan,0.0,0.0
1591,-0.56,0.41,0.77,nan,0.0,0.0
1592,-0.56,0.41,0.77,nan,0.0,0.0
1593,-0.56,0.41,0.77,nan,0.0,0.0
1594,-0.56,0.41,0.77,nan,0.0,0.0
1595,-0.52,0.39,0.76,nan,0.0,0.0
1596,-0.52,0.39,0.76,nan,0.0,0.0
1597,-0.52,0.39,0.76,nan,0.0,0.0
1598,-0.52,0.39,0.76,nan,0.0,0.0
1599,-0.52,0.39,0.76,nan,0.0,0.0
1600,-0.52,0.39,0.76,nan,0.0,0.0
1601,-0.52,0.39,0.76,nan,0.0,0.0
1602,-0.52,0.39,0.76,nan,0.0,0.0
1603,-0.52,0.39,0.76,nan,0.0,0.0
1604,-0.44,0.42,0.62,nan,0.0,0.0
1605,-0.44,0.42,0.62,nan,0.0,0.0
1606,-0.44,0.42,0.62,nan,0.0,0.0
1607,-0.44,0.42,0.62,nan,0.0,0.0
1608,-0.44,0.42,0.62,nan,0.0,0.0
1609,-0.44,0.42,0.62,nan,0.0,0.0
1610,-0.44,0.42,0.62,nan,0.0,0.0
1611,-0.44,0.42,0.62,nan,0.0,0.0
1612,-0.44,0.42,0.62,nan,0.0,0.0
1613,-0.33,0.46,0.65,nan,0.0,0.0
1614,-0.33,0.46,0.65,nan,0.0,0.0
1615,-0.33,0.46,0.65,nan,0.0,0.0
1616,-0.33,0.46,0.65,nan,0.0,0.0
1617,-0.33,0.46,0.65,nan,0.0,0.0
1618,-0.33,0.46,0.65,nan,0.0,0.0
1619,-0.33,0.46,0.65,nan,0.0,0.0
1620,-0.35,0.43,0.66,nan,0.0,0.0
1621,-0.35,0.43,0.66,nan,0.0,0.0
1622,-0.35,0.43,0.66,nan,0.0,0.0
1623,-0.35,0.43,0.66,nan,0.0,0.0
1624,-0.35,0.43,0.66,nan,0.0,0.0
1625,-0.35,0.43,0.66,nan,0.0,0.0
1626,-0.35,0.43,0.66,nan,0.0,0.0
1627,-0.35,0.43,0.66,nan,0.0,0.0
1628,-0.45,0.51,0.68,nan,0.0,0.0
1629,-0.45,0.51,0.68,nan,0.0,0.0
1630,-0.45,0.51,0.68,nan,0.0,0.0
1631,-0.45,0.51,0.68,nan,0.0,0.0
1632,-0.45,0.51,0.68,nan,0.0,0.0
1633,-0.45,0.51,0.68,nan,0.0,0.0
1634,-0.45,0.51,0.68,nan,0.0,0.0
1635,-0.45,0.51,0.68,nan,0.0,0.0
1636,-0.54,0.52,0.76,nan,0.0,0.0
1637,-0.54,0.52,0.76,nan,0.0,0.0
1638,-0.54,0.52,0.76,nan,0.0,0.0
1639,-0.54,0.52,0.76,nan,0.0,0.0
1640,-0.54,0.52,0.76,nan,0.0,0.0
1641,-0.54,0.52,0.76,nan,0.0,0.0
1642,-0.54,0.52,0.76,nan,0.0,0.0
1643,-0.61,0.61,0.8,nan,0.0,0.0
1644,-0.61,0.61,0.8,nan,0.0,0.0
1645,-0.61,0.61,0.8,nan,0.0,0.0
1646,-0.61,0.61,0.8,nan,0.0,0.0
1647,-0.61,0.61,0.8,nan,0.0,0.0
1648,-0.61,0.61,0.8,nan,0.0,0.0
1649,-0.61,0.61,0.8,nan,0.0,0.0
1650,-0.61,0.61,0.8,nan,0.0,0.0
1651,-0.67,0.61,0.87,nan,0.0,0.0
1652,-0.67,0.61,0.87,nan,0.0,0.0
1653,-0.67,0.61,0.87,nan,0.0,0.0
1654,-0.67,0.61,0.87,nan,0.0,0.0
1655,-0.67,0.61,0.87,nan,0.0,0.0
1656,-0.67,0.61,0.87,nan,0.0,0.0
1657,-0.67,0.61,0.87,nan,0.0,0.0
1658,-0.67,0.61,0.87,nan,0.0,0.0
1659,-0.73,0.6,0.93,nan,0.0,0.0
1660,-0.73,0.6,0.93,nan,0.0,0.0
1661,-0.73,0.6,0.93,nan,0.0,0.0
1662,-0.73,0.6,0.93,nan,0.0,0.0
1663,-0.73,0.6,0.93,nan,0.0,0.0
1664,-0.73,0.6,0.93,nan,0.0,0.0
1665,-0.73,0.6,0.93,nan,0.0,0.0
1666,-0.68,0.58,0.94,nan,0.0,0.0
1667,-0.68,0.58,0.94,nan,0.0,0.0
1668,-0.68,0.58,0.94,nan,0.0,0.0
1669,-0.68,0.58,0.94,nan,0.0,0.0
1670,-0.68,0.58,0.94,nan,0.0,0.0
1671,-0.68,0.58,0.94,nan,0.0,0.0
1672,-0.68,0.58,0.94,nan,0.0,0.0
1673,-0.68,0.58,0.94,nan,0.0,0.0
1674,-0.68,0.58,0.94,nan,0.0,0.0
1675,-0.68,0.58,0.94,nan,0.0,0.0
1676,-0.72,0.66,0.83,nan,0.0,0.0
1677,-0.72,0.66,0.83,nan,0.0,0.0
1678,-0.72,0.66,0.83,nan,0.0,0.0
1679,-0.72,0.66,0.83,nan,0.0,0.0
1680,-0.72,0.66,0.83,nan,0.0,0.0
1681,-0.72,0.66,0.83,nan,0.0,0.0
1682,-0.72,0.66,0.83,nan,0.0,0.0
1683,-0.72,0.66,0.83,nan,0.0,0.0
1684,-0.72,0.66,0.83,nan,0.0,0.0
1685,-0.7,0.61,0.75,nan,0.0,0.0
1686,-0.7,0.61,0.75,nan,0.0,0.0
1687,-0.7,0.61,0.75,nan,0.0,0.0
1688,-0.7,0.61,0.75,nan,0.0,0.0
1689,-0.7,0.61,0.75,nan,0.0,0.0
1690,-0.7,0.61,0.75,nan,0.0,0.0
1691,-0.7,0.61,0.75,nan,0.0,0.0
1692,-0.62,0.6,0.78,nan,0.0,0.0
1693,-0.62,0.6,0.78,nan,0.0,0.0
1694,-0.62,0.6,0.78,nan,0.0,0.0
1695,-0.62,0.6,0.78,nan,0.0,0.0
1696,-0.62,0.6,0.78,nan,0.0,0.0
1697,-0.62,0.6,0.78,nan,0.0,0.0
1698,-0.62,0.6,0.78,nan,0.0,0.0
1699,-0.62,0.6,0.78,nan,0.0,0.0
1700,-0.62,0.6,0.78,nan,0.0,0.0
1701,-0.57,0.46,0.8,nan,0.0,0.0
1702,-0.57,0.46,0.8,nan,0.0,0.0
1703,-0.57,0.46,0.8,nan,0.0,0.0
1704,-0.57,0.46,0.8,nan,0.0,0.0
1705,-0.57,0.46,0.8,nan,0.0,0.0
1706,-0.57,0.46,0.8,nan,0.0,0.0
1707,-0.57,0.46,0.8,nan,0.0,0.0
1708,-0.57,0.46,0.8,nan,0.0,0.0
1709,-0.57,0.46,0.8,nan,0.0,0.0
1710,-0.57,0.41,0.8,nan,0.0,0.0
1711,-0.57,0.41,0.8,nan,0.0,0.0
1712,-0.57,0.41,0.8,nan,0.0,0.0
1713,-0.57,0.41,0.8,nan,0.0,0.0
1714,-0.57,0.41,0.8,nan,0.0,0.0
1715,-0.57,0.41,0.8,nan,0.0,0.0
1716,-0.57,0.41,0.8,nan,0.0,0.0
1717,-0.53,0.37,0.82,nan,0.0,0.0
1718,-0.53,0.37,0.82,nan,0.0,0.0
1719,-0.53,0.37,0.82,nan,0.0,0.0
1720,-0.53,0.37,0.82,nan,0.0,0.0
1721,-0.53,0.37,0.82,nan,0.0,0.0
1722,-0.53,0.37,0.82,nan,0.0,0.0
1723,-0.53,0.37,0.82,nan,0.0,0.0
1724,-0.53,0.37,0.82,nan,0.0,0.0
1725,-0.53,0.37,0.82,nan,0.0,0.0
1726,-0.42,0.42,0.76,nan,0.0,0.0
1727,-0.42,0.42,0.76,nan,0.0,0.0
1728,-0.42,0.42,0.76,nan,0.0,0.0
1729,-0.42,0.42,0.76,nan,0.0,0.0
1730,-0.42,0.42,0.76,nan,0.0,0.0
1731,-0.42,0.42,0.76,nan,0.0,0.0
1732,-0.42,0.42,0.76,nan,0.0,0.0
1733,-0.42,0.42,0.76,nan,0.0,0.0
1734,-0.39,0.49,0.77,nan,0.0,0.0
1735,-0.39,0.49,0.77,nan,0.0,0.0
1736,-0.39,0.49,0.77,nan,0.0,0.0
1737,-0.39,0.49,0.77,nan,0.0,0.0
1738,-0.39,0.49,0.77,nan,0.0,0.0
1739,-0.39,0.49,0.77,nan,0.0,0.0
1740,-0.41,0.45,0.78,nan,0.0,0.0
1741,-0.41,0.45,0.78,nan,0.0,0.0
1742,-0.41,0.45,0.78,nan,0.0,0.0
1743,-0.41,0.45,0.78,nan,0.0,0.0
1744,-0.41,0.45,0.78,nan,0.0,0.0
1745,-0.41,0.45,0.78,nan,0.0,0.0
1746,-0.41,0.45,0.78,nan,0.0,0.0
1747,-0.41,0.45,0.78,nan,0.0,0.0
1748,-0.41,0.45,0.78,nan,0.0,0.0
1749,-0.41,0.48,0.74,nan,0.0,0.0
1750,-0.41,0.48,0.74,nan,0.0,0.0
1751,-0.41,0.48,0.74,nan,0.0,0.0
1752,-0.41,0.48,0.74,nan,0.0,0.0
1753,-0.41,0.48,0.74,nan,0.0,0.0
1754,-0.41,0.48,0.74,nan,0.0,0.0
1755,-0.41,0.48,0.74,nan,0.0,0.0
1756,-0.41,0.48,0.74,nan,0.0,0.0
1757,-0.51,0.46,0.78,nan,0.0,0.0
1758,-0.51,0.46,0.78,nan,0.0,0.0
1759,-0.51,0.46,0.78,nan,0.0,0.0
1760,-0.51,0.46,0.78,nan,0.0,0.0
1761,-0.51,0.46,0.78,nan,0.0,0.0
1762,-0.51,0.46,0.78,nan,0.0,0.0
1763,-0.54,0.56,0.76,nan,0.0,0.0
1764,-0.54,0.56,0.76,nan,0.0,0.0
1765,-0.54,0.56,0.76,nan,0.0,0.0
1766,-0.54,0.56,0.76,nan,0.0,0.0
1767,-0.54,0.56,0.76,nan,0.0,0.0
1768,-0.54,0.56,0.76,nan,0.0,0.0
1769,-0.54,0.56,0.76,nan,0.0,0.0
1770,-0.54,0.56,0.76,nan,0.0,0.0
1771,-0.54,0.56,0.76,nan,0.0,0.0
1772,-0.36,0.51,0.7,nan,0.0,0.0
1773,-0.36,0.51,0.7,nan,0.0,0.0
1774,-0.36,0.51,0.7,nan,0.0,0.0
1775,-0.36,0.51,0.7,nan,0.0,0.0
1776,-0.36,0.51,0.7,nan,0.0,0.0
1777,-0.36,0.51,0.7,nan,0.0,0.0
1778,-0.36,0.51,0.7,nan,0.0,0.0
1779,-0.36,0.51,0.7,nan,0.0,0.0
1780,-0.36,0.51,0.7,nan,0.0,0.0
1781,-0.36,0.51,0.7,nan,0.0,0.0
1782,-0.31,0.49,0.77,nan,0.0,0.0
1783,-0.31,0.49,0.77,nan,0.0,0.0
1784,-0.31,0.49,0.77,nan,0.0,0.0
1785,-0.31,0.49,0.77,nan,0.0,0.0
1786,-0.31,0.49,0.77,nan,0.0,0.0
1787,-0.31,0.49,0.77,nan,0.0,0.0
1788,-0.38,0.56,0.85,nan,0.0,0.0
1789,-0.38,0.56,0.85,nan,0.0,0.0
1790,-0.38,0.56,0.85,nan,0.0,0.0
1791,-0.38,0.56,0.85,nan,0.0,0.0
1792,-0.38,0.56,0.85,nan,0.0,0.0
1793,-0.38,0.56,0.85,nan,0.0,0.0
1794,-0.38,0.56,0.85,nan,0.0,0.0
1795,-0.38,0.56,0.85,nan,0.0,0.0
1796,-0.38,0.56,0.85,nan,0.0,0.0
1797,-0.41,0.58,0.82,nan,0.0,0.0
1798,-0.41,0.58,0.82,nan,0.0,0.0
1799,-0.41,0.58,0.82,nan,0.0,0.0
1800,-0.41,0.58,0.82,nan,0.0,0.0
1801,-0.41,0.58,0.82,nan,0.0,0.0
1802,-0.41,0.58,0.82,nan,0.0,0.0
1803,-0.41,0.58,0.82,nan,0.0,0.0
1804,-0.41,0.58,0.82,nan,0.0,0.0
1805,-0.42,0.63,0.78,nan,0.0,0.0
1806,-0.42,0.63,0.78,nan,0.0,0.0
1807,-0.42,0.63,0.78,nan,0.0,0.0
1808,-0.42,0.63,0.78,nan,0.0,0.0
1809,-0.42,0.63,0.78,nan,0.0,0.0
1810,-0.42,0.63,0.78,nan,0.0,0.0
1811,-0.42,0.63,0.78,nan,0.0,0.0
1812,-0.46,0.6,0.8,nan,0.0,0.0
1813,-0.46,0.6,0.8,nan,0.0,0.0
1814,-0.46,0.6,0.8,nan,0.0,0.0
1815,-0.46,0.6,0.8,nan,0.0,0.0
1816,-0.46,0.6,0.8,nan,0.0,0.0
1817,-0.46,0.6,0.8,nan,0.0,0.0
1818,-0.46,0.6,0.8,nan,0.0,0.0
1819,-0.46,0.6,0.8,nan,0.0,0.0
1820,-0.46,0.6,0.8,nan,0.0,0.0
1821,-0.55,0.6,0.75,nan,0.0,0.0
1822,-0.55,0.6,0.75,nan,0.0,0.0
1823,-0.55,0.6,0.75,nan,0.0,0.0
1824,-0.55,0.6,0.75,nan,0.0,0.0
1825,-0.55,0.6,0.75,nan,0.0,0.0
1826,-0.55,0.6,0.75,nan,0.0,0.0
1827,-0.55,0.6,0.75,nan,0.0,0.0
1828,-0.55,0.6,0.75,nan,0.0,0.0
1829,-0.55,0.6,0.75,nan,0.0,0.0
1830,-0.59,0.61,0.8,nan,0.0,0.0
1831,-0.59,0.61,0.8,nan,0.0,0.0
1832,-0.59,0.61,0.8,nan,0.0,0.0
1833,-0.59,0.61,0.8,nan,0.0,0.0
1834,-0.59,0.61,0.8,nan,0.0,0.0
1835,-0.59,0.61,0.8,nan,0.0,0.0
1836,-0.61,0.64,0.85,nan,0.0,0.0
1837,-0.61,0.64,0.85,nan,0.0,0.0
1838,-0.61,0.64,0.85,nan,0.0,0.0
1839,-0.61,0.64,0.85,nan,0.0,0.0
1840,-0.61,0.64,0.85,nan,0.0,0.0
1841,-0.61,0.64,0.85,nan,0.0,0.0
1842,-0.61,0.64,0.85,nan,0.0,0.0
1843,-0.61,0.64,0.85,nan,0.0,0.0
1844,-0.61,0.64,0.85,nan,0.0,0.0
1845,-0.6,0.67,0.92,nan,0.0,0.0
1846,-0.6,0.67,0.92,nan,0.0,0.0
1847,-0.6,0.67,0.92,nan,0.0,0.0
1848,-0.6,0.67,0.92,nan,0.0,0.0
1849,-0.6,0.67,0.92,nan,0.0,0.0
1850,-0.6,0.67,0.92,nan,0.0,0.0
1851,-0.6,0.67,0.92,nan,0.0,0.0
1852,-0.6,0.67,0.92,nan,0.0,0.0
1853,-0.55,0.62,0.83,nan,0.0,0.0
1854,-0.55,0.62,0.83,nan,0.0,0.0
1855,-0.55,0.62,0.83,nan,0.0,0.0
1856,-0.55,0.62,0.83,nan,0.0,0.0
1857,-0.55,0.62,0.83,nan,0.0,0.0
1858,-0.55,0.62,0.83,nan,0.0,0.0
1859,-0.6,0.57,0.8,nan,0.0,0.0
1860,-0.6,0.57,0.8,nan,0.0,0.0
1861,-0.6,0.57,0.8,nan,0.0,0.0
1862,-0.6,0.57,0.8,nan,0.0,0.0
1863,-0.6,0.57,0.8,nan,0.0,0.0
1864,-0.6,0.57,0.8,nan,0.0,0.0
1865,-0.6,0.57,0.8,nan,0.0,0.0
1866,-0.6,0.57,0.8,nan,0.0,0.0
1867,-0.6,0.57,0.8,nan,0.0,0.0
1868,-0.61,0.5,0.8,nan,0.0,0.0
1869,-0.61,0.5,0.8,nan,0.0,0.0
1870,-0.61,0.5,0.8,nan,0.0,0.0
1871,-0.61,0.5,0.8,nan,0.0,0.0
1872,-0.61,0.5,0.8,nan,0.0,0.0
1873,-0.61,0.5,0.8,nan,0.0,0.0
1874,-0.61,0.5,0.8,nan,0.0,0.0
1875,-0.61,0.5,0.8,nan,0.0,0.0
1876,-0.6,0.46,0.81,nan,0.0,0.0
1877,-0.6,0.46,0.81,nan,0.0,0.0
1878,-0.6,0.46,0.81,nan,0.0,0.0
1879,-0.6,0.46,0.81,nan,0.0,0.0
1880,-0.6,0.46,0.81,nan,0.0,0.0
1881,-0.6,0.46,0.81,nan,0.0,0.0
1882,-0.6,0.46,0.81,nan,0.0,0.0
1883,-0.56,0.45,0.72,nan,0.0,0.0
1884,-0.56,0.45,0.72,nan,0.0,0.0
1885,-0.56,0.45,0.72,nan,0.0,0.0
1886,-0.56,0.45,0.72,nan,0.0,0.0
1887,-0.56,0.45,0.72,nan,0.0,0.0
1888,-0.56,0.45,0.72,nan,0.0,0.0
1889,-0.56,0.45,0.72,nan,0.0,0.0
1890,-0.56,0.45,0.72,nan,0.0,0.0
1891,-0.48,0.48,0.64,nan,0.0,0.0
1892,-0.48,0.48,0.64,nan,0.0,0.0
1893,-0.48,0.48,0.64,nan,0.0,0.0
1894,-0.48,0.48,0.64,nan,0.0,0.0
1895,-0.48,0.48,0.64,nan,0.0,0.0
1896,-0.48,0.48,0.64,nan,0.0,0.0
1897,-0.48,0.48,0.64,nan,0.0,0.0
1898,-0.48,0.48,0.64,nan,0.0,0.0
1899,-0.46,0.5,0.56,nan,0.0,0.0
1900,-0.46,0.5,0.56,nan,0.0,0.0
1901,-0.46,0.5,0.56,nan,0.0,0.0
1902,-0.46,0.5,0.56,nan,0.0,0.0
1903,-0.46,0.5,0.56,nan,0.0,0.0
1904,-0.46,0.5,0.56,nan,0.0,0.0
1905,-0.46,0.5,0.56,nan,0.0,0.0
1906,-0.39,0.46,0.46,nan,0.0,0.0
1907,-0.39,0.46,0.46,nan,0.0,0.0
1908,-0.39,0.46,0.46,nan,0.0,0.0
1909,-0.39,0.46,0.46,nan,0.0,0.0
1910,-0.39,0.46,0.46,nan,0.0,0.0
1911,-0.39,0.46,0.46,nan,0.0,0.0
1912,-0.39,0.46,0.46,nan,0.0,0.0
1913,-0.39,0.46,0.46,nan,0.0,0.0
1914,-0.34,0.51,0.48,nan,0.0,0.0
1915,-0.34,0.51,0.48,nan,0.0,0.0
1916,-0.34,0.51,0.48,nan,0.0,0.0
1917,-0.34,0.51,0.48,nan,0.0,0.0
1918,-0.34,0.51,0.48,nan,0.0,0.0
1919,-0.34,0.51,0.48,nan,0.0,0.0
1920,-0.34,0.51,0.48,nan,0.0,0.0
1921,-0.34,0.51,0.48,nan,0.0,0.0
1922,-0.34,0.43,0.57,nan,0.0,0.0
1923,-0.34,0.43,0.57,nan,0.0,0.0
1924,-0.34,0.43,0.57,nan,0.0,0.0
1925,-0.34,0.43,0.57,nan,0.0,0.0
1926,-0.34,0.43,0.57,nan,0.0,0.0
1927,-0.34,0.43,0.57,nan,0.0,0.0
1928,-0.34,0.43,0.57,nan,0.0,0.0
1929,-0.2,0.22,0.57,nan,0.0,0.0
1930,-0.2,0.22,0.57,nan,0.0,0.0
1931,-0.2,0.22,0.57,nan,0.0,0.0
1932,-0.2,0.22,0.57,nan,0.0,0.0
1933,-0.2,0.22,0.57,nan,0.0,0.0
1934,-0.2,0.22,0.57,nan,0.0,0.0
1935,-0.2,0.22,0.57,nan,0.0,0.0
1936,-0.2,0.22,0.57,nan,0.0,0.0
1937,-0.18,0.23,0.81,nan,0.0,0.0
1938,-0.18,0.23,0.81,nan,0.0,0.0
1939,-0.18,0.23,0.81,nan,0.0,0.0
1940,-0.18,0.23,0.81,nan,0.0,0.0
1941,-0.18,0.23,0.81,nan,0.0,0.0
1942,-0.18,0.23,0.81,nan,0.0,0.0
1943,-0.18,0.23,0.81,nan,0.0,0.0
1944,-0.18,0.23,0.81,nan,0.0,0.0
1945,-0.38,0.31,0.75,nan,0.0,0.0
1946,-0.38,0.31,0.75,nan,0.0,0.0
1947,-0.38,0.31,0.75,nan,0.0,0.0
1948,-0.38,0.31,0.75,nan,0.0,0.0
1949,-0.38,0.31,0.75,nan,0.0,0.0
1950,-0.38,0.31,0.75,nan,0.0,0.0
1951,-0.38,0.31,0.75,nan,0.0,0.0
1952,-0.21,0.42,0.53,nan,0.0,0.0
1953,-0.21,0.42,0.53,nan,0.0,0.0
1954,-0.21,0.42,0.53,nan,0.0,0.0
1955,-0.21,0.42,0.53,nan,0.0,0.0
1956,-0.21,0.42,0.53,nan,0.0,0.0
1957,-0.21,0.42,0.53,nan,0.0,0.0
1958,-0.21,0.42,0.53,nan,0.0,0.0
1959,-0.21,0.42,0.53,nan,0.0,0.0
1960,-0.21,0.42,0.53,nan,0.0,0.0
1961,-0.32,0.41,0.58,nan,0.0,0.0
1962,-0.32,0.41,0.58,nan,0.0,0.0
1963,-0.32,0.41,0.58,nan,0.0,0.0
1964,-0.32,0.41,0.58,nan,0.0,0.0
1965,-0.32,0.41,0.58,nan,0.0,0.0
1966,-0.32,0.41,0.58,nan,0.0,0.0
1967,-0.32,0.41,0.58,nan,0.0,0.0
1968,-0.22,0.46,0.79,nan,0.0,0.0
