1,-0.14,0.01,0.93,nan,0.0,0.0
2,-0.13,0.01,0.98,nan,0.0,0.0
3,-0.14,0.01,0.99,nan,0.0,0.0
4,-0.13,0.01,0.99,nan,0.0,0.0
5,-0.13,0.01,0.99,0.6624,-7.282103333,112.789676667
6,-0.12,0.01,0.98,0.6624,-7.282103333,112.789676667
7,-0.13,0.01,0.99,0.684,-7.282103333,112.789676667
8,-0.13,0.01,0.98,0.684,-7.282103333,112.789676667
9,-0.13,0.02,0.99,0.684,-7.282103333,112.789676667
10,-0.13,0.01,0.99,0.684,-7.282103333,112.789676667
11,-0.13,0.01,0.99,0.684,-7.282103333,112.789676667
12,-0.13,0.01,0.99,0.684,-7.282103333,112.789676667
13,-0.13,0.02,0.99,0.684,-7.282103333,112.789676667
14,-0.12,0.01,0.99,0.684,-7.282103333,112.789676667
15,-0.12,0.01,0.99,0.684,-7.282103333,112.789676667
16,-0.13,0.01,0.99,0.6624,-7.282101667,112.789676667
17,-0.13,0.01,0.98,0.6624,-7.282101667,112.789676667
18,-0.13,0.01,0.99,0.6624,-7.282101667,112.789676667
19,-0.13,0.01,0.99,0.684,-7.282101667,112.789676667
20,-0.13,0.01,0.99,0.684,-7.282101667,112.789676667
21,-0.13,0.01,0.99,0.684,-7.282101667,112.789676667
22,-0.13,0.01,0.98,0.684,-7.282101667,112.789676667
23,-0.12,0.01,0.99,0.684,-7.282101667,112.789676667
24,-0.13,0.01,0.98,0.684,-7.282101667,112.789676667
25,-0.13,0.01,0.99,0.6624,-7.2821,112.789676667
26,-0.13,0.01,0.99,0.5724,-7.2821,112.789676667
27,-0.13,0.01,0.99,0.5724,-7.2821,112.789676667
28,-0.13,0.02,0.98,0.5724,-7.2821,112.789676667
29,-0.14,0.02,0.99,0.5724,-7.2821,112.789676667
30,-0.13,0.01,0.99,0.5724,-7.2821,112.789676667
31,-0.13,0.01,0.99,0.5724,-7.2821,112.789676667
32,-0.13,0.01,0.98,0.5724,-7.2821,112.789676667
33,-0.13,0.02,0.99,0.5724,-7.2821,112.789676667
34,-0.13,0.02,0.99,0.5724,-7.2821,112.789676667
35,-0.13,0.02,0.98,0.6624,-7.282098333,112.789676667
36,-0.13,0.02,0.99,0.702,-7.282098333,112.789676667
37,-0.12,0.01,0.98,0.702,-7.282098333,112.789676667
38,-0.13,0.01,0.99,0.702,-7.282098333,112.789676667
39,-0.13,0.01,0.99,0.702,-7.282098333,112.789676667
40,-0.12,0.02,0.99,0.702,-7.282098333,112.789676667
41,-0.13,0.02,0.99,0.702,-7.282098333,112.789676667
42,-0.13,0.02,0.99,0.702,-7.282098333,112.789676667
43,-0.13,0.02,0.99,0.702,-7.282098333,112.789676667
44,-0.13,0.01,0.99,0.702,-7.282098333,112.789676667
45,-0.13,0.01,0.98,0.6624,-7.282096667,112.789676667
46,-0.13,0.01,0.99,1.0008,-7.282096667,112.789676667
47,-0.12,0.01,0.98,1.0008,-7.282096667,112.789676667
48,-0.13,0.01,0.98,1.0008,-7.282096667,112.789676667
49,-0.13,0.02,0.98,1.0008,-7.282096667,112.789676667
50,-0.12,0.01,0.98,1.0008,-7.282096667,112.789676667
51,-0.13,0.01,0.99,1.0008,-7.282096667,112.789676667
52,-0.13,0.01,0.99,1.0008,-7.282096667,112.789676667
53,-0.13,0.01,0.99,1.0008,-7.282096667,112.789676667
54,-0.13,0.02,0.98,1.4832,-7.282093333,112.789678333
55,-0.13,0.02,0.99,1.4832,-7.282093333,112.789678333
56,-0.13,0.02,0.98,1.0008,-7.282093333,112.789678333
57,-0.13,0.01,0.98,1.0008,-7.282093333,112.789678333
58,-0.13,0.02,0.99,1.0008,-7.282093333,112.789678333
59,-0.13,0.01,0.99,1.0008,-7.282093333,112.789678333
60,-0.13,0.01,0.99,1.0008,-7.282093333,112.789678333
61,-0.13,0.01,0.99,1.0008,-7.282093333,112.789678333
62,-0.13,0.01,0.98,1.0008,-7.282093333,112.789678333
63,-0.13,0.01,0.99,1.0008,-7.282093333,112.789678333
64,-0.13,0.01,0.99,0.6624,-7.282091667,112.789678333
65,-0.13,0.01,0.99,0.6624,-7.282091667,112.789678333
66,-0.12,0.01,0.99,0.6624,-7.282091667,112.789678333
67,-0.13,0.01,0.98,0.6624,-7.282091667,112.789678333
68,-0.12,0.01,0.98,0.9648,-7.282091667,112.789678333
69,-0.13,0.01,0.99,0.9648,-7.282091667,112.789678333
70,-0.13,0.01,0.99,0.9648,-7.282091667,112.789678333
71,-0.13,0.02,0.98,0.9648,-7.282091667,112.789678333
72,-0.13,0.01,0.99,0.9648,-7.282091667,112.789678333
73,-0.13,0.02,0.99,0.9648,-7.282091667,112.789678333
74,-0.13,0.01,0.99,1.3284,-7.282088333,112.789678333
75,-0.13,0.01,0.99,0.9072,-7.282088333,112.789678333
76,-0.13,0.01,0.98,0.9072,-7.282088333,112.789678333
77,-0.13,0.01,0.99,0.9072,-7.282088333,112.789678333
78,-0.13,0.01,0.98,0.9072,-7.282088333,112.789678333
79,-0.13,0.02,0.99,0.9072,-7.282088333,112.789678333
80,-0.13,0.01,0.98,0.9072,-7.282088333,112.789678333
81,-0.13,0.02,0.98,0.9072,-7.282088333,112.789678333
82,-0.13,0.02,0.98,0.9072,-7.282088333,112.789678333
83,-0.13,0.01,0.99,0.936,-7.282086667,112.78968
84,-0.12,0.01,0.98,0.8892,-7.282086667,112.78968
85,-0.13,0.01,0.99,0.8892,-7.282086667,112.78968
86,-0.13,0.01,0.98,0.8892,-7.282086667,112.78968
87,-0.12,0.01,0.99,0.8892,-7.282086667,112.78968
88,-0.13,0.01,0.98,0.8892,-7.282086667,112.78968
89,-0.13,0.01,0.99,0.8892,-7.282086667,112.78968
90,-0.13,0.02,0.98,0.8892,-7.282086667,112.78968
91,-0.13,0.01,0.99,0.8892,-7.282086667,112.78968
92,-0.13,0.01,0.99,0.8892,-7.282086667,112.78968
93,-0.12,0.01,0.99,0.6624,-7.282085,112.78968
94,-0.13,0.02,0.99,0.8892,-7.282085,112.78968
95,-0.13,0.01,0.98,0.8892,-7.282085,112.78968
96,-0.13,0.01,0.98,0.8892,-7.282085,112.78968
97,-0.13,0.02,0.99,0.8892,-7.282085,112.78968
98,-0.13,0.01,0.98,0.8892,-7.282085,112.78968
99,-0.13,0.01,0.98,0.8892,-7.282085,112.78968
100,-0.12,0.01,0.98,0.8892,-7.282085,112.78968
101,-0.13,0.01,0.99,0.8892,-7.282085,112.78968
102,-0.13,0.01,0.99,1.4832,-7.282081667,112.789681667
103,-0.13,0.01,0.99,1.4832,-7.282081667,112.789681667
104,-0.13,0.01,0.99,0.8316,-7.282081667,112.789681667
105,-0.13,0.01,0.98,0.8316,-7.282081667,112.789681667
106,-0.12,0.01,0.98,0.8316,-7.282081667,112.789681667
107,-0.13,0.01,0.99,0.8316,-7.282081667,112.789681667
108,-0.14,0.01,0.98,0.8316,-7.282081667,112.789681667
109,-0.13,0.01,0.99,0.8316,-7.282081667,112.789681667
110,-0.13,0.02,0.98,0.8316,-7.282081667,112.789681667
111,-0.13,0.01,0.98,0.8316,-7.282081667,112.789681667
112,-0.13,0.01,0.98,0.6624,-7.28208,112.789681667
113,-0.13,0.01,0.98,0.6624,-7.28208,112.789681667
114,-0.13,0.01,0.98,0.6624,-7.28208,112.789681667
115,-0.13,0.02,0.99,0.6624,-7.28208,112.789681667
116,-0.13,0.02,0.99,0.9072,-7.28208,112.789681667
117,-0.13,0.01,0.98,0.9072,-7.28208,112.789681667
118,-0.13,0.01,0.99,0.9072,-7.28208,112.789681667
119,-0.13,0.01,0.99,0.9072,-7.28208,112.789681667
120,-0.12,0.01,0.99,0.9072,-7.28208,112.789681667
121,-0.13,0.01,0.99,0.9072,-7.28208,112.789681667
122,-0.13,0.02,0.99,0.936,-7.282078333,112.789683333
123,-0.12,0.01,0.99,0.936,-7.282078333,112.789683333
124,-0.13,0.01,0.99,1.0008,-7.282078333,112.789683333
125,-0.12,0.01,0.99,1.0008,-7.282078333,112.789683333
126,-0.13,0.02,0.98,1.0008,-7.282078333,112.789683333
127,-0.13,0.01,0.99,1.0008,-7.282078333,112.789683333
128,-0.13,0.01,0.98,1.0008,-7.282078333,112.789683333
129,-0.13,0.01,0.99,1.0008,-7.282078333,112.789683333
130,-0.12,0.01,0.98,1.0008,-7.282078333,112.789683333
131,-0.13,0.01,0.99,1.0008,-7.282078333,112.789683333
132,-0.13,0.01,0.99,1.4832,-7.282075,112.789685
133,-0.13,0.01,0.98,1.0188,-7.282075,112.789685
134,-0.13,0.01,0.98,1.0188,-7.282075,112.789685
135,-0.13,0.01,0.98,1.0188,-7.282075,112.789685
136,-0.13,0.01,0.98,1.0188,-7.282075,112.789685
137,-0.13,0.01,0.99,1.0188,-7.282075,112.789685
138,-0.13,0.01,0.99,1.0188,-7.282075,112.789685
139,-0.13,0.01,0.98,1.0188,-7.282075,112.789685
140,-0.13,0.02,0.99,1.0188,-7.282075,112.789685
141,-0.13,0.01,0.99,1.0188,-7.282075,112.789685
142,-0.13,0.01,0.99,0.6624,-7.282073333,112.789685
143,-0.13,0.01,0.99,0.9648,-7.282073333,112.789685
144,-0.13,0.0,0.99,0.9648,-7.282073333,112.789685
145,-0.13,0.01,0.99,0.9648,-7.282073333,112.789685
146,-0.13,0.01,0.99,0.9648,-7.282073333,112.789685
147,-0.13,0.01,0.98,0.9648,-7.282073333,112.789685
148,-0.13,0.01,0.99,0.9648,-7.282073333,112.789685
149,-0.13,0.01,0.98,0.9648,-7.282073333,112.789685
150,-0.14,0.01,0.99,0.9648,-7.282073333,112.789685
151,-0.13,0.01,0.98,0.9648,-7.282073333,112.789685
152,-0.13,0.01,0.98,0.936,-7.282071667,112.789686667
153,-0.13,0.02,0.98,0.9072,-7.282071667,112.789686667
154,-0.13,0.01,0.99,0.9072,-7.282071667,112.789686667
155,-0.13,0.01,0.98,0.9072,-7.282071667,112.789686667
156,-0.13,0.01,0.98,0.9072,-7.282071667,112.789686667
157,-0.14,0.01,0.99,0.9072,-7.282071667,112.789686667
158,-0.12,0.01,0.99,0.9072,-7.282071667,112.789686667
159,-0.13,0.01,0.98,0.9072,-7.282071667,112.789686667
160,-0.13,0.01,0.99,0.9072,-7.282071667,112.789686667
161,-0.13,0.01,0.99,0.9072,-7.282071667,112.789686667
162,-0.14,0.02,0.98,1.3284,-7.282068333,112.789686667
163,-0.14,0.01,0.99,1.3284,-7.282068333,112.789686667
164,-0.13,0.01,0.99,1.3284,-7.282068333,112.789686667
165,-0.13,0.01,0.99,0.7776,-7.282068333,112.789686667
166,-0.13,0.01,0.98,0.7776,-7.282068333,112.789686667
167,-0.13,0.01,0.98,0.7776,-7.282068333,112.789686667
168,-0.13,0.02,0.98,0.7776,-7.282068333,112.789686667
169,-0.13,0.01,0.98,0.7776,-7.282068333,112.789686667
170,-0.13,0.01,0.99,0.7776,-7.282068333,112.789686667
171,-0.13,0.01,0.99,0.7776,-7.282068333,112.789686667
172,-0.14,0.02,0.99,0.936,-7.282066667,112.789688333
173,-0.13,0.02,0.99,0.7776,-7.282066667,112.789688333
174,-0.13,0.01,0.98,0.7776,-7.282066667,112.789688333
175,-0.13,0.02,0.98,0.7776,-7.282066667,112.789688333
176,-0.13,0.01,0.99,0.7776,-7.282066667,112.789688333
177,-0.13,0.01,0.99,0.7776,-7.282066667,112.789688333
178,-0.13,0.02,0.99,0.7776,-7.282066667,112.789688333
179,-0.13,0.02,0.98,0.7776,-7.282066667,112.789688333
180,-0.12,0.01,0.99,0.7776,-7.282066667,112.789688333
181,-0.13,0.01,0.99,0.936,-7.282065,112.78969
182,-0.13,0.01,0.98,0.7416,-7.282065,112.78969
183,-0.13,0.01,0.99,0.7416,-7.282065,112.78969
184,-0.13,0.01,0.99,0.7416,-7.282065,112.78969
185,-0.13,0.01,0.99,0.7416,-7.282065,112.78969
186,-0.13,0.02,0.98,0.7416,-7.282065,112.78969
187,-0.14,0.01,0.99,0.7416,-7.282065,112.78969
188,-0.13,0.01,0.99,0.7416,-7.282065,112.78969
189,-0.13,0.02,0.99,0.7416,-7.282065,112.78969
190,-0.13,0.02,0.99,0.7416,-7.282065,112.78969
191,-0.13,0.01,0.99,0.0,-7.282065,112.78969
192,-0.13,0.01,0.98,0.648,-7.282065,112.78969
193,-0.13,0.02,0.99,0.648,-7.282065,112.78969
194,-0.13,0.02,0.99,0.648,-7.282065,112.78969
195,-0.13,0.01,0.98,0.648,-7.282065,112.78969
196,-0.12,0.01,0.99,0.648,-7.282065,112.78969
197,-0.13,0.01,0.98,0.648,-7.282065,112.78969
198,-0.14,0.01,0.98,0.648,-7.282065,112.78969
199,-0.13,0.01,0.99,0.648,-7.282065,112.78969
200,-0.13,0.01,0.98,0.936,-7.282063333,112.789691667
201,-0.13,0.01,0.99,0.936,-7.282063333,112.789691667
202,-0.13,0.01,0.98,0.5724,-7.282063333,112.789691667
203,-0.13,0.0,0.99,0.5724,-7.282063333,112.789691667
204,-0.13,0.01,0.99,0.5724,-7.282063333,112.789691667
205,-0.13,0.01,0.99,0.5724,-7.282063333,112.789691667
206,-0.13,0.01,0.99,0.5724,-7.282063333,112.789691667
207,-0.13,0.01,0.98,0.5724,-7.282063333,112.789691667
208,-0.13,0.01,0.99,0.5724,-7.282063333,112.789691667
209,-0.13,0.01,0.99,0.5724,-7.282063333,112.789691667
210,-0.13,0.01,0.99,0.5724,-7.282063333,112.789691667
211,-0.13,0.01,0.99,0.936,-7.282061667,112.789693333
212,-0.12,0.01,0.99,0.936,-7.282061667,112.789693333
213,-0.13,0.01,0.98,0.936,-7.282061667,112.789693333
214,-0.13,0.02,0.98,0.5544,-7.282061667,112.789693333
215,-0.12,0.01,0.99,0.5544,-7.282061667,112.789693333
216,-0.13,0.01,0.99,0.5544,-7.282061667,112.789693333
217,-0.12,0.01,0.98,0.5544,-7.282061667,112.789693333
218,-0.13,0.02,0.99,0.5544,-7.282061667,112.789693333
219,-0.12,0.01,0.98,0.5544,-7.282061667,112.789693333
220,-0.13,0.01,0.99,0.5544,-7.282061667,112.789693333
221,-0.13,0.01,0.99,0.0,-7.282061667,112.789693333
222,-0.13,0.02,0.99,0.5544,-7.282061667,112.789693333
223,-0.13,0.01,0.98,0.5544,-7.282061667,112.789693333
224,-0.13,0.01,0.98,0.5544,-7.282061667,112.789693333
225,-0.13,0.01,0.99,0.5544,-7.282061667,112.789693333
226,-0.13,0.01,0.98,0.5544,-7.282061667,112.789693333
227,-0.14,0.01,0.99,0.5544,-7.282061667,112.789693333
228,-0.13,0.01,0.98,0.5544,-7.282061667,112.789693333
229,-0.13,0.01,0.99,0.5544,-7.282061667,112.789693333
230,-0.14,0.01,0.99,0.936,-7.28206,112.789695
231,-0.13,0.01,0.99,0.594,-7.28206,112.789695
232,-0.13,0.01,0.99,0.594,-7.28206,112.789695
233,-0.13,0.02,0.99,0.594,-7.28206,112.789695
234,-0.13,0.02,0.98,0.594,-7.28206,112.789695
235,-0.13,0.01,0.99,0.594,-7.28206,112.789695
236,-0.13,0.01,0.99,0.594,-7.28206,112.789695
237,-0.14,0.01,0.99,0.594,-7.28206,112.789695
238,-0.13,0.02,0.99,0.594,-7.28206,112.789695
239,-0.12,0.01,0.98,0.594,-7.28206,112.789695
240,-0.12,0.02,0.99,0.6624,-7.282058333,112.789695
241,-0.13,0.01,0.98,0.5544,-7.282058333,112.789695
242,-0.13,0.01,0.98,0.5544,-7.282058333,112.789695
243,-0.13,0.01,0.99,0.5544,-7.282058333,112.789695
244,-0.13,0.01,0.98,0.5544,-7.282058333,112.789695
245,-0.13,0.01,0.98,0.5544,-7.282058333,112.789695
246,-0.13,0.02,0.99,0.5544,-7.282058333,112.789695
247,-0.13,0.01,0.99,0.5544,-7.282058333,112.789695
248,-0.13,0.01,0.99,0.5544,-7.282058333,112.789695
249,-0.13,0.01,0.99,0.5544,-7.282058333,112.789695
250,-0.13,0.01,0.99,0.6624,-7.282056667,112.789695
251,-0.13,0.01,0.99,0.5004,-7.282056667,112.789695
252,-0.14,0.01,0.99,0.5004,-7.282056667,112.789695
253,-0.13,0.01,0.99,0.5004,-7.282056667,112.789695
254,-0.13,0.02,0.98,0.5004,-7.282056667,112.789695
255,-0.13,0.02,0.98,0.5004,-7.282056667,112.789695
256,-0.13,0.02,0.99,0.5004,-7.282056667,112.789695
257,-0.13,0.01,0.99,0.5004,-7.282056667,112.789695
258,-0.14,0.01,0.98,0.5004,-7.282056667,112.789695
259,-0.13,0.01,0.98,0.6624,-7.282056667,112.789696667
260,-0.13,0.01,0.99,0.6624,-7.282056667,112.789696667
261,-0.13,0.02,0.99,0.6624,-7.282056667,112.789696667
262,-0.12,0.01,0.98,0.5004,-7.282056667,112.789696667
263,-0.13,0.01,0.99,0.5004,-7.282056667,112.789696667
264,-0.13,0.01,0.99,0.5004,-7.282056667,112.789696667
265,-0.13,0.01,0.99,0.5004,-7.282056667,112.789696667
266,-0.13,0.02,0.98,0.5004,-7.282056667,112.789696667
267,-0.12,0.01,0.98,0.5004,-7.282056667,112.789696667
268,-0.13,0.01,0.99,0.5004,-7.282056667,112.789696667
269,-0.13,0.01,0.98,0.6624,-7.282055,112.789696667
270,-0.13,0.01,0.99,0.5184,-7.282055,112.789696667
271,-0.13,0.01,0.98,0.5184,-7.282055,112.789696667
272,-0.13,0.01,0.98,0.5184,-7.282055,112.789696667
273,-0.13,0.01,0.99,0.5184,-7.282055,112.789696667
274,-0.13,0.02,0.99,0.5184,-7.282055,112.789696667
275,-0.13,0.01,0.98,0.5184,-7.282055,112.789696667
276,-0.12,0.01,0.98,0.5184,-7.282055,112.789696667
277,-0.13,0.01,0.98,0.5184,-7.282055,112.789696667
278,-0.13,0.01,0.99,0.5184,-7.282055,112.789696667
279,-0.13,0.02,0.99,0.6624,-7.282053333,112.789696667
280,-0.13,0.01,0.99,0.5364,-7.282053333,112.789696667
281,-0.13,0.02,0.99,0.5364,-7.282053333,112.789696667
282,-0.12,0.01,0.99,0.5364,-7.282053333,112.789696667
283,-0.13,0.01,0.99,0.5364,-7.282053333,112.789696667
284,-0.13,0.01,0.98,0.5364,-7.282053333,112.789696667
285,-0.13,0.01,0.98,0.5364,-7.282053333,112.789696667
286,-0.14,0.02,0.99,0.5364,-7.282053333,112.789696667
287,-0.13,0.02,0.99,0.5364,-7.282053333,112.789696667
288,-0.13,0.01,0.99,0.6624,-7.282051667,112.789696667
289,-0.13,0.01,0.99,0.6624,-7.282051667,112.789696667
290,-0.13,0.01,0.98,0.594,-7.282051667,112.789696667
291,-0.12,0.01,0.99,0.594,-7.282051667,112.789696667
292,-0.13,0.01,0.99,0.594,-7.282051667,112.789696667
293,-0.13,0.01,0.99,0.594,-7.282051667,112.789696667
294,-0.13,0.01,0.99,0.594,-7.282051667,112.789696667
295,-0.13,0.01,0.99,0.594,-7.282051667,112.789696667
296,-0.13,0.01,0.99,0.594,-7.282051667,112.789696667
297,-0.12,0.02,0.98,0.594,-7.282051667,112.789696667
298,-0.13,0.01,0.99,0.936,-7.28205,112.789695
299,-0.13,0.01,0.98,0.936,-7.28205,112.789695
300,-0.13,0.01,0.99,0.666,-7.28205,112.789695
301,-0.13,0.02,0.98,0.666,-7.28205,112.789695
302,-0.13,0.01,0.99,0.666,-7.28205,112.789695
303,-0.13,0.01,0.99,0.666,-7.28205,112.789695
304,-0.12,0.01,0.99,0.666,-7.28205,112.789695
305,-0.13,0.01,0.99,0.666,-7.28205,112.789695
306,-0.13,0.01,0.99,0.666,-7.28205,112.789695
307,-0.12,0.01,0.99,0.666,-7.28205,112.789695
308,-0.13,0.01,0.99,0.6624,-7.282048333,112.789695
309,-0.13,0.02,0.99,0.6624,-7.282048333,112.789695
310,-0.13,0.01,0.98,0.6624,-7.282048333,112.789695
311,-0.13,0.01,0.99,0.6624,-7.282048333,112.789695
312,-0.12,0.01,0.99,0.648,-7.282048333,112.789695
313,-0.13,0.01,0.98,0.648,-7.282048333,112.789695
314,-0.12,0.01,0.98,0.648,-7.282048333,112.789695
315,-0.13,0.01,0.98,0.648,-7.282048333,112.789695
316,-0.12,0.01,0.98,0.648,-7.282048333,112.789695
317,-0.13,0.02,0.99,0.648,-7.282048333,112.789695
318,-0.12,0.02,0.98,0.6624,-7.282048333,112.789693333
319,-0.13,0.01,0.99,0.702,-7.282048333,112.789693333
320,-0.13,0.02,0.99,0.702,-7.282048333,112.789693333
321,-0.13,0.01,0.99,0.702,-7.282048333,112.789693333
322,-0.13,0.01,0.98,0.702,-7.282048333,112.789693333
323,-0.13,0.02,0.99,0.702,-7.282048333,112.789693333
324,-0.13,0.01,0.99,0.702,-7.282048333,112.789693333
325,-0.13,0.01,0.98,0.702,-7.282048333,112.789693333
326,-0.13,0.01,0.99,0.702,-7.282048333,112.789693333
327,-0.13,0.01,0.97,0.702,-7.282048333,112.789693333
328,-0.13,0.01,0.98,0.936,-7.282046667,112.789691667
329,-0.13,0.02,0.99,0.8136,-7.282046667,112.789691667
330,-0.13,0.01,0.99,0.8136,-7.282046667,112.789691667
331,-0.13,0.01,0.99,0.8136,-7.282046667,112.789691667
332,-0.13,0.02,0.99,0.8136,-7.282046667,112.789691667
333,-0.13,0.01,0.99,0.8136,-7.282046667,112.789691667
334,-0.13,0.02,0.99,0.8136,-7.282046667,112.789691667
335,-0.13,0.02,0.99,0.8136,-7.282046667,112.789691667
336,-0.12,0.01,0.99,0.8136,-7.282046667,112.789691667
337,-0.13,0.01,0.99,0.8136,-7.282046667,112.789691667
338,-0.13,0.01,0.98,0.936,-7.282045,112.78969
339,-0.13,0.01,0.99,0.8532,-7.282045,112.78969
340,-0.13,0.01,0.99,0.8532,-7.282045,112.78969
341,-0.13,0.01,0.99,0.8532,-7.282045,112.78969
342,-0.13,0.01,0.98,0.8532,-7.282045,112.78969
343,-0.13,0.01,0.99,0.8532,-7.282045,112.78969
344,-0.12,0.01,0.99,0.8532,-7.282045,112.78969
345,-0.13,0.01,0.99,0.8532,-7.282045,112.78969
346,-0.13,0.01,0.98,0.8532,-7.282045,112.78969
347,-0.13,0.01,0.99,0.8532,-7.282045,112.78969
348,-0.13,0.02,0.99,0.936,-7.282043333,112.789688333
349,-0.13,0.01,0.98,0.9252,-7.282043333,112.789688333
350,-0.12,0.01,0.98,0.9252,-7.282043333,112.789688333
351,-0.13,0.01,0.99,0.9252,-7.282043333,112.789688333
352,-0.13,0.01,0.98,0.9252,-7.282043333,112.789688333
353,-0.13,0.01,0.99,0.9252,-7.282043333,112.789688333
354,-0.13,0.01,0.98,0.9252,-7.282043333,112.789688333
355,-0.13,0.02,0.98,0.9252,-7.282043333,112.789688333
356,-0.13,0.01,0.99,0.9252,-7.282043333,112.789688333
357,-0.13,0.01,0.99,0.936,-7.282041667,112.789686667
358,-0.13,0.02,0.98,0.936,-7.282041667,112.789686667
359,-0.13,0.01,0.99,0.936,-7.282041667,112.789686667
360,-0.13,0.01,0.98,0.9648,-7.282041667,112.789686667
361,-0.12,0.01,0.99,0.9648,-7.282041667,112.789686667
362,-0.13,0.02,0.99,0.9648,-7.282041667,112.789686667
363,-0.13,0.02,0.98,0.9648,-7.282041667,112.789686667
364,-0.13,0.01,0.98,0.9648,-7.282041667,112.789686667
365,-0.13,0.01,0.99,0.9648,-7.282041667,112.789686667
366,-0.13,0.01,0.98,0.9648,-7.282041667,112.789686667
367,-0.14,0.01,0.98,0.6624,-7.28204,112.789686667
368,-0.12,0.01,0.99,0.6624,-7.28204,112.789686667
369,-0.13,0.01,0.98,1.0548,-7.28204,112.789686667
370,-0.13,0.01,0.99,1.0548,-7.28204,112.789686667
371,-0.13,0.01,0.98,1.0548,-7.28204,112.789686667
372,-0.13,0.01,0.98,1.0548,-7.28204,112.789686667
373,-0.13,0.01,0.99,1.0548,-7.28204,112.789686667
374,-0.13,0.01,0.98,1.0548,-7.28204,112.789686667
375,-0.12,0.02,0.99,1.0548,-7.28204,112.789686667
376,-0.13,0.01,0.99,1.0548,-7.28204,112.789686667
377,-0.13,0.01,0.99,1.4832,-7.282036667,112.789685
378,-0.13,0.01,0.99,1.0944,-7.282036667,112.789685
379,-0.13,0.02,0.99,1.0944,-7.282036667,112.789685
380,-0.13,0.01,0.99,1.0944,-7.282036667,112.789685
381,-0.13,0.01,0.98,1.0944,-7.282036667,112.789685
382,-0.12,0.01,0.99,1.0944,-7.282036667,112.789685
383,-0.13,0.02,0.98,1.0944,-7.282036667,112.789685
384,-0.12,0.01,0.99,1.0944,-7.282036667,112.789685
385,-0.14,0.01,0.99,1.0944,-7.282036667,112.789685
386,-0.13,0.02,0.99,3.3156,-7.28203,112.78968
387,-0.13,0.01,0.99,3.3156,-7.28203,112.78968
388,-0.13,0.01,0.99,1.1304,-7.28203,112.78968
389,-0.13,0.02,0.98,1.1304,-7.28203,112.78968
390,-0.13,0.01,0.98,1.1304,-7.28203,112.78968
391,-0.13,0.01,0.99,1.1304,-7.28203,112.78968
392,-0.13,0.01,0.98,1.1304,-7.28203,112.78968
393,-0.13,0.02,0.98,1.1304,-7.28203,112.78968
394,-0.13,0.01,0.98,1.1304,-7.28203,112.78968
395,-0.13,0.01,0.99,1.1304,-7.28203,112.78968
396,-0.13,0.01,0.98,1.1304,-7.28203,112.78968
397,-0.13,0.01,0.98,3.8664,-7.282021667,112.789675
398,-0.13,0.01,0.99,1.1844,-7.282021667,112.789675
399,-0.13,0.01,0.98,1.1844,-7.282021667,112.789675
400,-0.12,0.01,0.98,1.1844,-7.282021667,112.789675
401,-0.13,0.01,0.99,1.1844,-7.282021667,112.789675
402,-0.13,0.01,0.99,1.1844,-7.282021667,112.789675
403,-0.13,0.01,0.98,1.1844,-7.282021667,112.789675
404,-0.13,0.01,0.99,1.1844,-7.282021667,112.789675
405,-0.13,0.01,0.98,1.1844,-7.282021667,112.789675
406,-0.12,0.01,0.99,2.736,-7.282015,112.789673333
407,-0.13,0.01,0.99,2.736,-7.282015,112.789673333
408,-0.12,0.01,0.99,2.736,-7.282015,112.789673333
409,-0.13,0.01,0.98,1.1664,-7.282015,112.789673333
410,-0.13,0.01,0.99,1.1664,-7.282015,112.789673333
411,-0.13,0.01,0.99,1.1664,-7.282015,112.789673333
412,-0.13,0.01,0.99,1.1664,-7.282015,112.789673333
413,-0.13,0.01,0.99,1.1664,-7.282015,112.789673333
414,-0.13,0.01,0.98,1.1664,-7.282015,112.789673333
415,-0.13,0.01,0.98,1.1664,-7.282015,112.789673333
416,-0.13,0.01,0.99,2.9664,-7.282008333,112.78967
417,-0.12,0.01,0.98,1.224,-7.282008333,112.78967
418,-0.13,0.01,0.99,1.224,-7.282008333,112.78967
419,-0.13,0.01,0.98,1.224,-7.282008333,112.78967
420,-0.13,0.01,0.99,1.224,-7.282008333,112.78967
421,-0.13,0.02,0.99,1.224,-7.282008333,112.78967
422,-0.13,0.01,0.98,1.224,-7.282008333,112.78967
423,-0.13,0.01,0.98,1.224,-7.282008333,112.78967
424,-0.13,0.01,0.99,1.224,-7.282008333,112.78967
425,-0.13,0.01,0.99,1.224,-7.282008333,112.78967
426,-0.13,0.02,0.98,3.3156,-7.282003333,112.789663333
427,-0.13,0.02,0.99,1.314,-7.282003333,112.789663333
428,-0.13,0.02,0.99,1.314,-7.282003333,112.789663333
429,-0.13,0.01,0.99,1.314,-7.282003333,112.789663333
430,-0.12,0.01,0.99,1.314,-7.282003333,112.789663333
431,-0.13,0.02,0.98,1.314,-7.282003333,112.789663333
432,-0.12,0.01,0.99,1.314,-7.282003333,112.789663333
433,-0.13,0.01,0.99,1.314,-7.282003333,112.789663333
434,-0.13,0.02,0.99,1.314,-7.282003333,112.789663333
435,-0.14,0.01,0.99,2.9664,-7.281996667,112.78966
436,-0.13,0.01,0.99,1.4256,-7.281996667,112.78966
437,-0.13,0.02,0.98,1.4256,-7.281996667,112.78966
438,-0.12,0.01,0.98,1.4256,-7.281996667,112.78966
439,-0.13,0.01,0.98,1.4256,-7.281996667,112.78966
440,-0.13,0.01,0.99,1.4256,-7.281996667,112.78966
441,-0.13,0.01,0.99,1.4256,-7.281996667,112.78966
442,-0.13,0.01,0.99,1.4256,-7.281996667,112.78966
443,-0.13,0.02,0.99,1.4256,-7.281996667,112.78966
444,-0.12,0.01,0.99,1.4256,-7.281996667,112.78966
445,-0.13,0.02,0.99,2.736,-7.28199,112.789661667
446,-0.13,0.01,0.99,1.3896,-7.28199,112.789661667
447,-0.13,0.01,0.99,1.3896,-7.28199,112.789661667
448,-0.13,0.01,0.99,1.3896,-7.28199,112.789661667
449,-0.13,0.01,0.98,1.3896,-7.28199,112.789661667
450,-0.12,0.01,0.99,1.3896,-7.28199,112.789661667
451,-0.13,0.01,0.99,1.3896,-7.28199,112.789661667
452,-0.13,0.02,0.99,1.3896,-7.28199,112.789661667
453,-0.13,0.01,0.99,1.3896,-7.28199,112.789661667
454,-0.13,0.02,0.99,1.3896,-7.28199,112.789661667
455,-0.13,0.01,0.99,2.8116,-7.281985,112.789656667
456,-0.13,0.01,0.99,2.8116,-7.281985,112.789656667
457,-0.13,0.01,0.99,2.8116,-7.281985,112.789656667
458,-0.13,0.01,0.99,2.8116,-7.281985,112.789656667
459,-0.13,0.01,0.99,1.5012,-7.281985,112.789656667
460,-0.13,0.01,0.99,1.5012,-7.281985,112.789656667
461,-0.13,0.02,0.99,1.5012,-7.281985,112.789656667
462,-0.13,0.01,0.98,1.5012,-7.281985,112.789656667
463,-0.13,0.01,0.99,1.5012,-7.281985,112.789656667
464,-0.13,0.01,0.99,1.5012,-7.281985,112.789656667
465,-0.12,0.01,0.99,2.7324,-7.281983333,112.78965
466,-0.14,0.01,0.99,1.4256,-7.281983333,112.78965
467,-0.13,0.01,0.98,1.4256,-7.281983333,112.78965
468,-0.13,0.01,0.99,1.4256,-7.281983333,112.78965
469,-0.13,0.02,0.98,1.4256,-7.281983333,112.78965
470,-0.13,0.01,0.98,1.4256,-7.281983333,112.78965
471,-0.14,0.01,0.99,1.4256,-7.281983333,112.78965
472,-0.13,0.02,0.98,1.4256,-7.281983333,112.78965
473,-0.13,0.01,0.99,1.4256,-7.281983333,112.78965
474,-0.13,0.02,0.98,2.7324,-7.281981667,112.789643333
475,-0.12,0.01,0.99,1.3716,-7.281981667,112.789643333
476,-0.12,0.01,0.98,1.3716,-7.281981667,112.789643333
477,-0.13,0.01,0.98,1.3716,-7.281981667,112.789643333
478,-0.13,0.01,0.99,1.3716,-7.281981667,112.789643333
479,-0.13,0.02,0.99,1.3716,-7.281981667,112.789643333
480,-0.14,0.02,0.98,1.3716,-7.281981667,112.789643333
481,-0.12,0.01,0.98,1.3716,-7.281981667,112.789643333
482,-0.13,0.01,0.99,1.3716,-7.281981667,112.789643333
483,-0.13,0.01,0.99,2.0952,-7.28198,112.789638333
484,-0.13,0.01,0.99,2.0952,-7.28198,112.789638333
485,-0.12,0.01,0.98,1.242,-7.28198,112.789638333
486,-0.12,0.01,0.98,1.242,-7.28198,112.789638333
487,-0.13,0.01,0.98,1.242,-7.28198,112.789638333
488,-0.13,0.01,0.99,1.242,-7.28198,112.789638333
489,-0.13,0.01,0.98,1.242,-7.28198,112.789638333
490,-0.13,0.02,0.99,1.242,-7.28198,112.789638333
491,-0.13,0.01,0.99,1.242,-7.28198,112.789638333
492,-0.13,0.01,0.99,1.242,-7.28198,112.789638333
493,-0.13,0.01,0.99,1.4832,-7.281978333,112.789635
494,-0.12,0.01,0.99,1.4832,-7.281978333,112.789635
495,-0.13,0.01,0.99,1.242,-7.281978333,112.789635
496,-0.13,0.01,0.99,1.242,-7.281978333,112.789635
497,-0.13,0.01,0.98,1.242,-7.281978333,112.789635
498,-0.13,0.01,0.99,1.242,-7.281978333,112.789635
499,-0.13,0.01,0.99,1.242,-7.281978333,112.789635
500,-0.13,0.01,0.99,1.242,-7.281978333,112.789635
501,-0.13,0.01,0.98,1.242,-7.281978333,112.789635
502,-0.13,0.01,0.98,1.242,-7.281978333,112.789635
503,-0.13,0.02,0.99,3.3804,-7.28198,112.789626667
504,-0.13,0.01,0.98,3.3804,-7.28198,112.789626667
505,-0.13,0.01,0.99,3.3804,-7.28198,112.789626667
506,-0.13,0.01,0.99,3.3804,-7.28198,112.789626667
507,-0.13,0.01,0.99,1.224,-7.28198,112.789626667
508,-0.13,0.02,0.98,1.224,-7.28198,112.789626667
509,-0.14,0.01,0.99,1.224,-7.28198,112.789626667
510,-0.12,0.01,0.98,1.224,-7.28198,112.789626667
511,-0.13,0.01,0.99,1.224,-7.28198,112.789626667
512,-0.13,0.01,0.98,1.224,-7.28198,112.789626667
513,-0.13,0.01,0.99,3.312,-7.28198,112.789618333
514,-0.13,0.0,0.99,1.224,-7.28198,112.789618333
515,-0.13,0.01,0.99,1.224,-7.28198,112.789618333
516,-0.13,0.02,0.99,1.224,-7.28198,112.789618333
517,-0.13,0.01,0.98,1.224,-7.28198,112.789618333
518,-0.13,0.01,0.99,1.224,-7.28198,112.789618333
519,-0.12,0.01,0.98,1.224,-7.28198,112.789618333
520,-0.13,0.01,0.99,1.224,-7.28198,112.789618333
521,-0.13,0.01,0.99,1.224,-7.28198,112.789618333
522,-0.13,0.02,0.99,1.224,-7.28198,112.789618333
523,-0.13,0.01,0.99,1.3248,-7.28198,112.789615
524,-0.13,0.01,0.99,1.1124,-7.28198,112.789615
525,-0.13,0.01,0.98,1.1124,-7.28198,112.789615
526,-0.13,0.02,0.98,1.1124,-7.28198,112.789615
527,-0.13,0.01,0.99,1.1124,-7.28198,112.789615
528,-0.13,0.02,0.98,1.1124,-7.28198,112.789615
529,-0.13,0.02,0.99,1.1124,-7.28198,112.789615
530,-0.13,0.01,0.99,1.1124,-7.28198,112.789615
531,-0.13,0.02,0.99,1.1124,-7.28198,112.789615
532,-0.13,0.01,0.99,1.1124,-7.28198,112.789615
533,-0.13,0.01,0.99,1.9872,-7.28198,112.78961
534,-0.13,0.01,0.99,1.0548,-7.28198,112.78961
535,-0.13,0.01,0.99,1.0548,-7.28198,112.78961
536,-0.12,0.01,0.98,1.0548,-7.28198,112.78961
537,-0.13,0.02,0.99,1.0548,-7.28198,112.78961
538,-0.13,0.02,0.99,1.0548,-7.28198,112.78961
539,-0.13,0.0,0.98,1.0548,-7.28198,112.78961
540,-0.13,0.02,0.98,1.0548,-7.28198,112.78961
541,-0.13,0.02,0.98,1.0548,-7.28198,112.78961
542,-0.13,0.02,0.98,1.0548,-7.28198,112.78961
543,-0.13,0.01,0.99,2.3904,-7.281983333,112.789605
544,-0.13,0.02,0.98,0.9828,-7.281983333,112.789605
545,-0.13,0.01,0.99,0.9828,-7.281983333,112.789605
546,-0.12,0.02,0.99,0.9828,-7.281983333,112.789605
547,-0.12,0.01,0.98,0.9828,-7.281983333,112.789605
548,-0.12,0.01,0.98,0.9828,-7.281983333,112.789605
549,-0.13,0.01,0.99,0.9828,-7.281983333,112.789605
550,-0.12,0.0,0.98,0.9828,-7.281983333,112.789605
551,-0.13,0.01,0.98,0.9828,-7.281983333,112.789605
552,-0.14,0.02,0.98,0.9828,-7.281983333,112.789605
553,-0.13,0.01,0.99,2.9628,-7.281986667,112.789598333
554,-0.13,0.02,0.98,2.9628,-7.281986667,112.789598333
555,-0.13,0.01,0.99,2.9628,-7.281986667,112.789598333
556,-0.13,0.02,0.98,1.0008,-7.281986667,112.789598333
557,-0.13,0.02,0.98,1.0008,-7.281986667,112.789598333
558,-0.13,0.01,0.99,1.0008,-7.281986667,112.789598333
559,-0.12,0.01,0.99,1.0008,-7.281986667,112.789598333
560,-0.13,0.02,0.99,1.0008,-7.281986667,112.789598333
561,-0.13,0.01,0.98,1.0008,-7.281986667,112.789598333
562,-0.13,0.01,0.99,2.0952,-7.281988333,112.789593333
563,-0.12,0.01,0.99,2.0952,-7.281988333,112.789593333
564,-0.13,0.01,0.99,0.9828,-7.281988333,112.789593333
565,-0.13,0.0,0.99,0.9828,-7.281988333,112.789593333
566,-0.12,0.01,0.99,0.9828,-7.281988333,112.789593333
567,-0.12,0.01,0.99,0.9828,-7.281988333,112.789593333
568,-0.13,0.01,0.99,0.9828,-7.281988333,112.789593333
569,-0.13,0.02,0.98,0.9828,-7.281988333,112.789593333
570,-0.13,0.01,0.98,0.9828,-7.281988333,112.789593333
571,-0.13,0.02,0.99,0.9828,-7.281988333,112.789593333
572,-0.13,0.01,0.99,0.9828,-7.281988333,112.789593333
573,-0.13,0.01,0.99,0.6624,-7.281988333,112.789591667
574,-0.13,0.01,0.99,0.8532,-7.281988333,112.789591667
575,-0.13,0.01,0.98,0.8532,-7.281988333,112.789591667
576,-0.13,0.01,0.99,0.8532,-7.281988333,112.789591667
577,-0.13,0.01,0.99,0.8532,-7.281988333,112.789591667
578,-0.14,0.02,0.99,0.8532,-7.281988333,112.789591667
579,-0.13,0.01,0.98,0.8532,-7.281988333,112.789591667
580,-0.13,0.01,0.99,0.8532,-7.281988333,112.789591667
581,-0.13,0.01,0.99,0.8532,-7.281988333,112.789591667
582,-0.13,0.01,0.99,1.3248,-7.281988333,112.789588333
583,-0.13,0.02,0.99,1.3248,-7.281988333,112.789588333
584,-0.14,0.02,0.99,0.594,-7.281988333,112.789588333
585,-0.13,0.01,0.99,0.594,-7.281988333,112.789588333
586,-0.13,0.01,0.99,0.594,-7.281988333,112.789588333
587,-0.13,0.01,0.99,0.594,-7.281988333,112.789588333
588,-0.13,0.01,0.99,0.594,-7.281988333,112.789588333
589,-0.13,0.01,0.99,0.594,-7.281988333,112.789588333
590,-0.13,0.01,0.98,0.594,-7.281988333,112.789588333
591,-0.13,0.01,0.99,0.594,-7.281988333,112.789588333
592,-0.14,0.01,0.98,0.0,-7.281988333,112.789588333
593,-0.13,0.02,0.98,0.648,-7.281988333,112.789588333
594,-0.12,0.01,0.98,0.648,-7.281988333,112.789588333
595,-0.12,0.01,0.99,0.648,-7.281988333,112.789588333
596,-0.13,0.01,0.98,0.648,-7.281988333,112.789588333
597,-0.12,0.01,0.99,0.648,-7.281988333,112.789588333
598,-0.13,0.01,0.98,0.648,-7.281988333,112.789588333
599,-0.12,0.01,0.98,0.648,-7.281988333,112.789588333
600,-0.12,0.01,0.99,0.648,-7.281988333,112.789588333
601,-0.13,0.01,0.99,0.648,-7.281988333,112.789588333
602,-0.14,0.02,0.98,0.936,-7.28199,112.789586667
603,-0.13,0.01,0.99,0.936,-7.28199,112.789586667
604,-0.13,0.01,0.99,0.936,-7.28199,112.789586667
605,-0.13,0.01,0.98,0.594,-7.28199,112.789586667
606,-0.12,0.01,0.98,0.594,-7.28199,112.789586667
607,-0.13,0.01,0.99,0.594,-7.28199,112.789586667
608,-0.13,0.01,0.99,0.594,-7.28199,112.789586667
609,-0.14,0.01,0.99,0.594,-7.28199,112.789586667
610,-0.13,0.01,0.99,0.594,-7.28199,112.789586667
611,-0.13,0.01,0.99,0.6624,-7.28199,112.789585
612,-0.14,0.02,0.99,0.6624,-7.28199,112.789585
613,-0.12,0.02,0.98,0.594,-7.28199,112.789585
614,-0.13,0.01,0.99,0.594,-7.28199,112.789585
615,-0.13,0.01,0.99,0.594,-7.28199,112.789585
616,-0.13,0.01,0.99,0.594,-7.28199,112.789585
617,-0.14,0.02,0.98,0.594,-7.28199,112.789585
618,-0.13,0.01,0.99,0.594,-7.28199,112.789585
619,-0.13,0.01,0.99,0.594,-7.28199,112.789585
620,-0.13,0.02,0.99,0.594,-7.28199,112.789585
621,-0.13,0.02,0.99,0.6624,-7.28199,112.789583333
622,-0.13,0.01,0.98,0.5364,-7.28199,112.789583333
623,-0.13,0.01,0.99,0.5364,-7.28199,112.789583333
624,-0.13,0.01,0.98,0.5364,-7.28199,112.789583333
625,-0.13,0.0,0.99,0.5364,-7.28199,112.789583333
626,-0.13,0.01,0.99,0.5364,-7.28199,112.789583333
627,-0.13,0.02,0.99,0.5364,-7.28199,112.789583333
628,-0.13,0.01,0.99,0.5364,-7.28199,112.789583333
629,-0.13,0.02,0.98,0.5364,-7.28199,112.789583333
630,-0.13,0.01,0.99,0.6624,-7.281991667,112.789583333
631,-0.13,0.02,0.99,0.6624,-7.281991667,112.789583333
632,-0.13,0.02,0.99,0.5544,-7.281991667,112.789583333
633,-0.13,0.01,0.99,0.5544,-7.281991667,112.789583333
634,-0.12,0.01,0.99,0.5544,-7.281991667,112.789583333
635,-0.13,0.01,0.99,0.5544,-7.281991667,112.789583333
636,-0.13,0.01,0.98,0.5544,-7.281991667,112.789583333
637,-0.12,0.01,0.99,0.5544,-7.281991667,112.789583333
638,-0.13,0.01,0.98,0.5544,-7.281991667,112.789583333
639,-0.13,0.01,0.99,0.5544,-7.281991667,112.789583333
640,-0.13,0.02,0.99,0.6624,-7.281991667,112.789581667
641,-0.13,0.01,0.98,0.612,-7.281991667,112.789581667
642,-0.13,0.01,0.99,0.612,-7.281991667,112.789581667
643,-0.13,0.02,0.99,0.612,-7.281991667,112.789581667
644,-0.13,0.01,0.99,0.612,-7.281991667,112.789581667
645,-0.13,0.01,0.99,0.612,-7.281991667,112.789581667
646,-0.13,0.01,0.99,0.612,-7.281991667,112.789581667
647,-0.13,0.01,0.99,0.612,-7.281991667,112.789581667
648,-0.13,0.01,0.99,0.612,-7.281991667,112.789581667
649,-0.13,0.02,0.99,0.612,-7.281991667,112.789581667
650,-0.13,0.01,0.98,0.936,-7.281993333,112.78958
651,-0.14,0.02,0.98,0.936,-7.281993333,112.78958
652,-0.13,0.01,0.99,0.936,-7.281993333,112.78958
653,-0.13,0.02,0.98,0.7236,-7.281993333,112.78958
654,-0.14,0.02,0.99,0.7236,-7.281993333,112.78958
655,-0.13,0.02,0.98,0.7236,-7.281993333,112.78958
656,-0.13,0.01,0.99,0.7236,-7.281993333,112.78958
657,-0.13,0.01,0.99,0.7236,-7.281993333,112.78958
658,-0.13,0.01,0.99,0.7236,-7.281993333,112.78958
659,-0.13,0.02,0.99,0.7236,-7.281993333,112.78958
660,-0.13,0.01,0.99,0.6624,-7.281995,112.78958
661,-0.13,0.01,0.98,0.9252,-7.281995,112.78958
662,-0.13,0.02,0.98,0.9252,-7.281995,112.78958
663,-0.12,0.01,0.99,0.9252,-7.281995,112.78958
664,-0.13,0.01,0.98,0.9252,-7.281995,112.78958
665,-0.13,0.01,0.99,0.9252,-7.281995,112.78958
666,-0.13,0.01,0.99,0.9252,-7.281995,112.78958
667,-0.13,0.01,0.98,0.9252,-7.281995,112.78958
668,-0.13,0.01,0.99,0.9252,-7.281995,112.78958
669,-0.13,0.01,0.99,0.936,-7.281996667,112.789578333
670,-0.12,0.01,0.98,0.936,-7.281996667,112.789578333
671,-0.13,0.01,0.99,1.1844,-7.281996667,112.789578333
672,-0.13,0.01,0.99,1.1844,-7.281996667,112.789578333
673,-0.14,0.01,0.99,1.1844,-7.281996667,112.789578333
674,-0.14,0.01,0.99,1.1844,-7.281996667,112.789578333
675,-0.13,0.01,0.98,1.1844,-7.281996667,112.789578333
676,-0.12,0.01,0.99,1.1844,-7.281996667,112.789578333
677,-0.13,0.02,0.99,1.1844,-7.281996667,112.789578333
678,-0.13,0.01,0.98,1.1844,-7.281996667,112.789578333
679,-0.13,0.01,0.98,1.9908,-7.282001667,112.789578333
680,-0.13,0.01,0.98,1.26,-7.282001667,112.789578333
681,-0.13,0.02,0.99,1.26,-7.282001667,112.789578333
682,-0.13,0.02,0.98,1.26,-7.282001667,112.789578333
683,-0.14,0.02,0.99,1.26,-7.282001667,112.789578333
684,-0.13,0.01,0.99,1.26,-7.282001667,112.789578333
685,-0.12,0.01,0.99,1.26,-7.282001667,112.789578333
686,-0.13,0.02,0.99,1.26,-7.282001667,112.789578333
687,-0.13,0.01,0.98,1.26,-7.282001667,112.789578333
688,-0.13,0.0,0.98,1.26,-7.282001667,112.789578333
689,-0.13,0.01,0.98,1.9908,-7.282006667,112.789578333
690,-0.13,0.02,0.99,1.278,-7.282006667,112.789578333
691,-0.13,0.01,0.98,1.278,-7.282006667,112.789578333
692,-0.13,0.01,0.99,1.278,-7.282006667,112.789578333
693,-0.13,0.01,0.98,1.278,-7.282006667,112.789578333
694,-0.13,0.01,0.99,1.278,-7.282006667,112.789578333
695,-0.13,0.02,0.99,1.278,-7.282006667,112.789578333
696,-0.13,0.01,0.99,1.278,-7.282006667,112.789578333
697,-0.13,0.01,0.98,1.278,-7.282006667,112.789578333
698,-0.13,0.01,0.98,1.4832,-7.28201,112.789576667
699,-0.13,0.02,0.98,1.4832,-7.28201,112.789576667
700,-0.13,0.01,0.99,1.4832,-7.28201,112.789576667
701,-0.13,0.01,0.98,1.4832,-7.28201,112.789576667
702,-0.13,0.01,0.99,1.224,-7.28201,112.789576667
703,-0.13,0.01,0.98,1.224,-7.28201,112.789576667
704,-0.12,0.01,0.98,1.224,-7.28201,112.789576667
705,-0.13,0.01,0.99,1.224,-7.28201,112.789576667
706,-0.12,0.01,0.98,1.224,-7.28201,112.789576667
707,-0.13,0.02,0.99,1.224,-7.28201,112.789576667
708,-0.13,0.01,0.99,5.0472,-7.282015,112.789588333
709,-0.13,0.01,0.99,5.0472,-7.282015,112.789588333
710,-0.13,0.01,0.99,1.2024,-7.282015,112.789588333
711,-0.13,0.01,0.98,1.2024,-7.282015,112.789588333
712,-0.13,0.01,0.99,1.2024,-7.282015,112.789588333
713,-0.12,0.01,0.99,1.2024,-7.282015,112.789588333
714,-0.13,0.01,0.99,1.2024,-7.282015,112.789588333
715,-0.13,0.02,0.99,1.2024,-7.282015,112.789588333
716,-0.13,0.02,0.98,1.2024,-7.282015,112.789588333
717,-0.13,0.01,0.98,1.2024,-7.282015,112.789588333
718,-0.13,0.01,0.99,6.1092,-7.282018333,112.789603333
719,-0.12,0.01,0.99,1.314,-7.282018333,112.789603333
720,-0.13,0.01,0.99,1.314,-7.282018333,112.789603333
721,-0.13,0.01,0.99,1.314,-7.282018333,112.789603333
722,-0.13,0.01,0.98,1.314,-7.282018333,112.789603333
723,-0.13,0.01,0.99,1.314,-7.282018333,112.789603333
724,-0.14,0.01,0.99,1.314,-7.282018333,112.789603333
725,-0.13,0.01,0.99,1.314,-7.282018333,112.789603333
726,-0.12,0.0,0.99,1.314,-7.282018333,112.789603333
727,-0.12,0.01,0.99,1.314,-7.282018333,112.789603333
728,-0.13,0.01,0.99,5.3424,-7.282025,112.789615
729,-0.13,0.01,0.98,1.5192,-7.282025,112.789615
730,-0.13,0.01,0.99,1.5192,-7.282025,112.789615
731,-0.13,0.01,0.98,1.5192,-7.282025,112.789615
732,-0.13,0.01,0.98,1.5192,-7.282025,112.789615
733,-0.13,0.01,0.99,1.5192,-7.282025,112.789615
734,-0.13,0.02,0.98,1.5192,-7.282025,112.789615
735,-0.12,0.01,0.99,1.5192,-7.282025,112.789615
736,-0.13,0.01,0.99,1.5192,-7.282025,112.789615
737,-0.13,0.01,0.99,1.5192,-7.282025,112.789615
738,-0.13,0.01,0.99,3.8664,-7.282033333,112.78962
739,-0.13,0.01,0.99,1.6488,-7.282033333,112.78962
740,-0.12,0.01,0.99,1.6488,-7.282033333,112.78962
741,-0.13,0.01,0.99,1.6488,-7.282033333,112.78962
742,-0.13,0.01,0.99,1.6488,-7.282033333,112.78962
743,-0.13,0.01,0.98,1.6488,-7.282033333,112.78962
744,-0.13,0.02,0.99,1.6488,-7.282033333,112.78962
745,-0.13,0.01,0.99,1.6488,-7.282033333,112.78962
746,-0.13,0.01,0.98,1.6488,-7.282033333,112.78962
747,-0.13,0.01,0.98,1.6488,-7.282033333,112.78962
748,-0.13,0.01,0.98,5.9292,-7.28204,112.789633333
749,-0.12,0.01,0.99,5.9292,-7.28204,112.789633333
750,-0.12,0.01,0.99,5.9292,-7.28204,112.789633333
751,-0.13,0.01,0.99,1.7424,-7.28204,112.789633333
752,-0.14,0.01,0.99,1.7424,-7.28204,112.789633333
753,-0.13,0.0,0.99,1.7424,-7.28204,112.789633333
754,-0.13,0.01,0.99,1.7424,-7.28204,112.789633333
755,-0.13,0.01,0.99,1.7424,-7.28204,112.789633333
756,-0.13,0.02,0.99,1.7424,-7.28204,112.789633333
757,-0.13,0.01,0.98,1.7424,-7.28204,112.789633333
758,-0.13,0.01,0.99,6.5268,-7.282046667,112.789648333
759,-0.13,0.01,0.99,1.908,-7.282046667,112.789648333
760,-0.13,0.01,0.98,1.908,-7.282046667,112.789648333
761,-0.12,0.01,0.99,1.908,-7.282046667,112.789648333
762,-0.13,0.01,0.99,1.908,-7.282046667,112.789648333
763,-0.13,0.01,0.99,1.908,-7.282046667,112.789648333
764,-0.13,0.01,0.99,1.908,-7.282046667,112.789648333
765,-0.13,0.01,0.98,1.908,-7.282046667,112.789648333
766,-0.13,0.01,0.99,1.908,-7.282046667,112.789648333
767,-0.13,0.02,0.99,4.7808,-7.282053333,112.789658333
768,-0.13,0.01,0.99,2.1096,-7.282053333,112.789658333
769,-0.13,0.01,0.99,2.1096,-7.282053333,112.789658333
770,-0.13,0.01,0.99,2.1096,-7.282053333,112.789658333
771,-0.12,0.02,0.98,2.1096,-7.282053333,112.789658333
772,-0.13,0.02,0.99,2.1096,-7.282053333,112.789658333
773,-0.13,0.01,0.99,2.1096,-7.282053333,112.789658333
774,-0.13,0.01,0.99,2.1096,-7.282053333,112.789658333
775,-0.13,0.01,0.99,2.1096,-7.282053333,112.789658333
776,-0.14,0.02,0.99,2.1096,-7.282053333,112.789658333
777,-0.13,0.01,0.99,5.0472,-7.282058333,112.78967
778,-0.12,0.01,0.99,5.0472,-7.282058333,112.78967
779,-0.13,0.01,0.98,2.2788,-7.282058333,112.78967
780,-0.13,0.02,0.99,2.2788,-7.282058333,112.78967
781,-0.12,0.02,0.99,2.2788,-7.282058333,112.78967
782,-0.13,0.02,0.99,2.2788,-7.282058333,112.78967
783,-0.12,0.01,0.99,2.2788,-7.282058333,112.78967
784,-0.12,0.0,0.98,2.2788,-7.282058333,112.78967
785,-0.13,0.01,0.99,2.2788,-7.282058333,112.78967
786,-0.13,0.01,0.99,2.2788,-7.282058333,112.78967
787,-0.13,0.02,0.99,6.2568,-7.282071667,112.789678333
788,-0.13,0.01,0.98,6.2568,-7.282071667,112.789678333
789,-0.13,0.02,0.99,2.3148,-7.282071667,112.789678333
790,-0.13,0.01,0.99,2.3148,-7.282071667,112.789678333
791,-0.13,0.01,0.98,2.3148,-7.282071667,112.789678333
792,-0.13,0.01,0.99,2.3148,-7.282071667,112.789678333
793,-0.12,0.01,0.98,2.3148,-7.282071667,112.789678333
794,-0.13,0.01,0.99,2.3148,-7.282071667,112.789678333
795,-0.13,0.01,0.99,2.3148,-7.282071667,112.789678333
796,-0.13,0.02,0.99,2.3148,-7.282071667,112.789678333
797,-0.13,0.01,0.99,5.346,-7.282083333,112.789685
798,-0.12,0.01,0.98,5.346,-7.282083333,112.789685
799,-0.12,0.01,0.99,5.346,-7.282083333,112.789685
800,-0.13,0.01,0.99,2.2392,-7.282083333,112.789685
801,-0.13,0.02,0.98,2.2392,-7.282083333,112.789685
802,-0.13,0.01,0.98,2.2392,-7.282083333,112.789685
803,-0.13,0.02,0.99,2.2392,-7.282083333,112.789685
804,-0.13,0.01,0.99,2.2392,-7.282083333,112.789685
805,-0.13,0.01,0.99,2.2392,-7.282083333,112.789685
806,-0.13,0.01,0.99,2.2392,-7.282083333,112.789685
807,-0.13,0.01,0.99,2.736,-7.28209,112.789686667
808,-0.12,0.01,0.99,2.2212,-7.28209,112.789686667
809,-0.13,0.01,0.99,2.2212,-7.28209,112.789686667
810,-0.13,0.01,0.98,2.2212,-7.28209,112.789686667
811,-0.12,0.02,0.99,2.2212,-7.28209,112.789686667
812,-0.12,0.01,0.99,2.2212,-7.28209,112.789686667
813,-0.13,0.01,0.99,2.2212,-7.28209,112.789686667
814,-0.13,0.02,0.99,2.2212,-7.28209,112.789686667
815,-0.12,0.01,0.98,2.2212,-7.28209,112.789686667
816,-0.12,0.02,0.99,5.346,-7.282101667,112.789693333
817,-0.13,0.01,0.99,2.4804,-7.282101667,112.789693333
818,-0.13,0.01,0.99,2.4804,-7.282101667,112.789693333
819,-0.13,0.01,0.99,2.4804,-7.282101667,112.789693333
820,-0.13,0.01,0.99,2.4804,-7.282101667,112.789693333
821,-0.13,0.01,0.99,2.4804,-7.282101667,112.789693333
822,-0.13,0.02,0.99,2.4804,-7.282101667,112.789693333
823,-0.13,0.01,0.99,2.4804,-7.282101667,112.789693333
824,-0.13,0.01,0.99,2.4804,-7.282101667,112.789693333
825,-0.13,0.01,0.99,2.4804,-7.282101667,112.789693333
826,-0.12,0.02,0.99,4.2444,-7.282108333,112.789701667
827,-0.13,0.01,0.99,2.556,-7.282108333,112.789701667
828,-0.13,0.02,0.98,2.556,-7.282108333,112.789701667
829,-0.12,0.01,0.98,2.556,-7.282108333,112.789701667
830,-0.13,0.01,0.99,2.556,-7.282108333,112.789701667
831,-0.13,0.02,0.98,2.556,-7.282108333,112.789701667
832,-0.14,0.01,0.99,2.556,-7.282108333,112.789701667
833,-0.13,0.01,0.99,2.556,-7.282108333,112.789701667
834,-0.13,0.01,0.98,2.556,-7.282108333,112.789701667
835,-0.12,0.01,0.98,2.556,-7.282108333,112.789701667
836,-0.13,0.01,0.99,5.472,-7.282121667,112.789698333
837,-0.13,0.01,0.99,2.556,-7.282121667,112.789698333
838,-0.13,0.01,0.99,2.556,-7.282121667,112.789698333
839,-0.12,0.01,0.99,2.556,-7.282121667,112.789698333
840,-0.14,0.01,0.99,2.556,-7.282121667,112.789698333
841,-0.13,0.01,0.99,2.556,-7.282121667,112.789698333
842,-0.12,0.01,0.99,2.556,-7.282121667,112.789698333
843,-0.13,0.01,0.98,2.556,-7.282121667,112.789698333
844,-0.13,0.01,0.98,2.556,-7.282121667,112.789698333
845,-0.13,0.01,0.98,4.8312,-7.282133333,112.789695
846,-0.13,0.01,0.99,4.8312,-7.282133333,112.789695
847,-0.13,0.01,0.99,4.8312,-7.282133333,112.789695
848,-0.13,0.02,0.99,4.8312,-7.282133333,112.789695
849,-0.13,0.01,0.99,2.52,-7.282133333,112.789695
850,-0.12,0.01,0.99,2.52,-7.282133333,112.789695
851,-0.13,0.02,0.99,2.52,-7.282133333,112.789695
852,-0.12,0.01,0.98,2.52,-7.282133333,112.789695
853,-0.13,0.02,0.98,2.52,-7.282133333,112.789695
854,-0.13,0.02,0.99,2.52,-7.282133333,112.789695
855,-0.13,0.01,0.98,2.52,-7.282133333,112.789695
856,-0.13,0.01,0.99,3.5712,-7.282141667,112.789691667
857,-0.13,0.01,0.99,2.3904,-7.282141667,112.789691667
858,-0.13,0.01,0.99,2.3904,-7.282141667,112.789691667
859,-0.13,0.01,0.99,2.3904,-7.282141667,112.789691667
860,-0.12,0.01,0.98,2.3904,-7.282141667,112.789691667
861,-0.13,0.01,0.98,2.3904,-7.282141667,112.789691667
862,-0.13,0.02,0.98,2.3904,-7.282141667,112.789691667
863,-0.13,0.01,0.99,2.3904,-7.282141667,112.789691667
864,-0.13,0.01,0.99,2.3904,-7.282141667,112.789691667
865,-0.13,0.02,0.98,4.248,-7.28215,112.789685
866,-0.13,0.01,0.99,4.248,-7.28215,112.789685
867,-0.13,0.01,0.98,2.2968,-7.28215,112.789685
868,-0.13,0.01,0.99,2.2968,-7.28215,112.789685
869,-0.13,0.01,0.99,2.2968,-7.28215,112.789685
870,-0.13,0.01,0.98,2.2968,-7.28215,112.789685
871,-0.12,0.01,0.98,2.2968,-7.28215,112.789685
872,-0.13,0.02,0.99,2.2968,-7.28215,112.789685
873,-0.13,0.01,0.99,2.2968,-7.28215,112.789685
874,-0.12,0.01,0.99,2.2968,-7.28215,112.789685
875,-0.12,0.01,0.99,3.8664,-7.282158333,112.78968
876,-0.13,0.01,0.99,2.3148,-7.282158333,112.78968
877,-0.13,0.01,0.99,2.3148,-7.282158333,112.78968
878,-0.13,0.01,0.99,2.3148,-7.282158333,112.78968
879,-0.13,0.02,0.98,2.3148,-7.282158333,112.78968
880,-0.13,0.01,0.99,2.3148,-7.282158333,112.78968
881,-0.13,0.01,0.99,2.3148,-7.282158333,112.78968
882,-0.13,0.01,0.99,2.3148,-7.282158333,112.78968
883,-0.13,0.01,0.98,2.3148,-7.282158333,112.78968
884,-0.13,0.01,0.98,2.3148,-7.282158333,112.78968
885,-0.13,0.01,0.99,1.9908,-7.282163333,112.78968
886,-0.12,0.01,0.99,2.2608,-7.282163333,112.78968
887,-0.13,0.01,0.99,2.2608,-7.282163333,112.78968
888,-0.13,0.02,0.98,2.2608,-7.282163333,112.78968
889,-0.13,0.01,0.98,2.2608,-7.282163333,112.78968
890,-0.13,0.02,0.99,2.2608,-7.282163333,112.78968
891,-0.13,0.02,0.99,2.2608,-7.282163333,112.78968
892,-0.13,0.01,0.98,2.2608,-7.282163333,112.78968
893,-0.13,0.01,0.99,2.2608,-7.282163333,112.78968
894,-0.13,0.01,0.98,1.4832,-7.282166667,112.789681667
895,-0.13,0.02,0.99,1.4832,-7.282166667,112.789681667
896,-0.12,0.01,0.99,1.4832,-7.282166667,112.789681667
897,-0.13,0.01,0.99,1.4832,-7.282166667,112.789681667
898,-0.12,0.01,0.98,2.1852,-7.282166667,112.789681667
899,-0.13,0.02,0.99,2.1852,-7.282166667,112.789681667
900,-0.13,0.01,0.99,2.1852,-7.282166667,112.789681667
901,-0.13,0.01,0.98,2.1852,-7.282166667,112.789681667
902,-0.13,0.01,0.99,2.1852,-7.282166667,112.789681667
903,-0.12,0.01,0.98,2.1852,-7.282166667,112.789681667
904,-0.12,0.01,0.99,1.3284,-7.28217,112.789681667
905,-0.12,0.01,0.99,1.3284,-7.28217,112.789681667
906,-0.13,0.01,0.99,2.0916,-7.28217,112.789681667
907,-0.13,0.01,0.99,2.0916,-7.28217,112.789681667
908,-0.13,0.02,0.99,2.0916,-7.28217,112.789681667
909,-0.13,0.01,0.98,2.0916,-7.28217,112.789681667
910,-0.13,0.01,0.98,2.0916,-7.28217,112.789681667
911,-0.13,0.01,0.99,2.0916,-7.28217,112.789681667
912,-0.12,0.01,0.99,2.0916,-7.28217,112.789681667
913,-0.12,0.01,0.98,0.936,-7.282168333,112.78968
914,-0.13,0.01,0.98,1.7424,-7.282168333,112.78968
915,-0.13,0.01,0.98,1.7424,-7.282168333,112.78968
916,-0.13,0.02,0.99,1.7424,-7.282168333,112.78968
917,-0.13,0.01,0.99,1.7424,-7.282168333,112.78968
918,-0.12,0.01,0.99,1.7424,-7.282168333,112.78968
919,-0.13,0.02,0.99,1.7424,-7.282168333,112.78968
920,-0.13,0.01,0.99,1.7424,-7.282168333,112.78968
921,-0.13,0.01,0.99,1.7424,-7.282168333,112.78968
922,-0.13,0.01,0.99,1.7424,-7.282168333,112.78968
923,-0.13,0.02,0.99,4.032,-7.28217,112.78967
924,-0.13,0.01,0.99,1.5732,-7.28217,112.78967
925,-0.12,0.01,0.99,1.5732,-7.28217,112.78967
926,-0.13,0.01,0.98,1.5732,-7.28217,112.78967
927,-0.13,0.01,0.99,1.5732,-7.28217,112.78967
928,-0.13,0.01,0.99,1.5732,-7.28217,112.78967
929,-0.12,0.01,0.99,1.5732,-7.28217,112.78967
930,-0.13,0.01,0.98,1.5732,-7.28217,112.78967
931,-0.13,0.02,0.99,1.5732,-7.28217,112.78967
932,-0.12,0.01,0.98,1.5732,-7.28217,112.78967
933,-0.13,0.01,0.99,2.9628,-7.282166667,112.789663333
934,-0.13,0.01,0.98,1.314,-7.282166667,112.789663333
935,-0.13,0.01,0.98,1.314,-7.282166667,112.789663333
936,-0.12,0.02,0.99,1.314,-7.282166667,112.789663333
937,-0.13,0.01,0.99,1.314,-7.282166667,112.789663333
938,-0.13,0.02,0.99,1.314,-7.282166667,112.789663333
939,-0.13,0.02,0.98,1.314,-7.282166667,112.789663333
940,-0.12,0.01,0.98,1.314,-7.282166667,112.789663333
941,-0.13,0.02,0.99,1.314,-7.282166667,112.789663333
942,-0.13,0.01,0.99,1.314,-7.282166667,112.789663333
943,-0.12,0.02,0.99,2.9664,-7.28216,112.789666667
944,-0.13,0.02,0.99,2.9664,-7.28216,112.789666667
945,-0.12,0.01,0.99,2.9664,-7.28216,112.789666667
946,-0.13,0.01,0.98,1.1484,-7.28216,112.789666667
947,-0.13,0.01,0.98,1.1484,-7.28216,112.789666667
948,-0.13,0.01,0.98,1.1484,-7.28216,112.789666667
949,-0.12,0.01,0.99,1.1484,-7.28216,112.789666667
950,-0.13,0.01,0.99,1.1484,-7.28216,112.789666667
951,-0.13,0.01,0.99,1.1484,-7.28216,112.789666667
952,-0.13,0.01,0.99,1.1484,-7.28216,112.789666667
953,-0.13,0.01,0.99,3.8664,-7.282151667,112.789671667
954,-0.13,0.01,0.99,0.9648,-7.282151667,112.789671667
955,-0.13,0.01,0.99,0.9648,-7.282151667,112.789671667
956,-0.13,0.01,0.98,0.9648,-7.282151667,112.789671667
957,-0.13,0.01,0.99,0.9648,-7.282151667,112.789671667
958,-0.13,0.01,0.99,0.9648,-7.282151667,112.789671667
959,-0.13,0.01,0.99,0.9648,-7.282151667,112.789671667
960,-0.13,0.01,0.99,0.9648,-7.282151667,112.789671667
961,-0.13,0.01,0.99,0.9648,-7.282151667,112.789671667
962,-0.13,0.01,0.98,0.9648,-7.282151667,112.789671667
963,-0.13,0.01,0.99,4.7808,-7.282145,112.789681667
964,-0.12,0.02,0.99,0.9648,-7.282145,112.789681667
965,-0.13,0.02,0.99,0.9648,-7.282145,112.789681667
966,-0.13,0.01,0.99,0.9648,-7.282145,112.789681667
967,-0.13,0.01,0.99,0.9648,-7.282145,112.789681667
968,-0.13,0.02,0.99,0.9648,-7.282145,112.789681667
969,-0.12,0.01,0.98,0.9648,-7.282145,112.789681667
970,-0.13,0.01,0.99,0.9648,-7.282145,112.789681667
971,-0.13,0.01,0.98,0.9432,-7.282138333,112.789688333
972,-0.13,0.01,0.99,5.7024,-7.28213,112.7897
973,-0.13,0.01,0.99,1.0548,-7.28213,112.7897
974,-0.13,0.02,0.99,1.0548,-7.28213,112.7897
975,-0.13,0.01,0.99,1.0548,-7.28213,112.7897
976,-0.13,0.01,0.99,1.0548,-7.28213,112.7897
977,-0.12,0.01,0.98,1.0548,-7.28213,112.7897
978,-0.13,0.01,0.99,1.0548,-7.28213,112.7897
979,-0.13,0.01,0.99,1.0548,-7.28213,112.7897
980,-0.13,0.01,0.98,1.0548,-7.28213,112.7897
981,-0.13,0.02,0.99,1.0548,-7.28213,112.7897
982,-0.12,0.01,0.99,1.4832,-7.282131667,112.789703333
983,-0.13,0.01,0.98,1.4832,-7.282131667,112.789703333
984,-0.13,0.01,0.99,1.4832,-7.282131667,112.789703333
985,-0.13,0.01,0.99,1.1664,-7.282131667,112.789703333
986,-0.13,0.01,0.98,1.1664,-7.282131667,112.789703333
987,-0.14,0.02,0.99,1.1664,-7.282131667,112.789703333
988,-0.13,0.01,0.99,1.1664,-7.282131667,112.789703333
989,-0.13,0.01,0.99,1.1664,-7.282131667,112.789703333
990,-0.12,0.01,0.99,1.1664,-7.282131667,112.789703333
991,-0.13,0.01,0.99,2.736,-7.282125,112.789705
992,-0.13,0.01,0.98,1.224,-7.282125,112.789705
993,-0.13,0.01,0.99,1.224,-7.282125,112.789705
994,-0.13,0.01,0.99,1.224,-7.282125,112.789705
995,-0.13,0.01,0.99,1.224,-7.282125,112.789705
996,-0.13,0.01,0.99,1.224,-7.282125,112.789705
997,-0.13,0.02,0.98,1.224,-7.282125,112.789705
998,-0.13,0.01,0.98,1.224,-7.282125,112.789705
999,-0.13,0.01,0.99,1.224,-7.282125,112.789705
1000,-0.13,0.01,0.98,3.5712,-7.282116667,112.789708333
1001,-0.13,0.01,0.99,3.5712,-7.282116667,112.789708333
1002,-0.12,0.01,0.98,1.278,-7.282116667,112.789708333
1003,-0.13,0.01,0.99,1.278,-7.282116667,112.789708333
1004,-0.13,0.01,0.99,1.278,-7.282116667,112.789708333
1005,-0.14,0.02,0.99,1.278,-7.282116667,112.789708333
1006,-0.13,0.02,0.98,1.278,-7.282116667,112.789708333
1007,-0.13,0.01,0.99,1.278,-7.282116667,112.789708333
1008,-0.13,0.02,0.99,1.278,-7.282116667,112.789708333
1009,-0.14,0.01,0.99,1.278,-7.282116667,112.789708333
1010,-0.12,0.01,0.99,5.1768,-7.282108333,112.789718333
1011,-0.13,0.01,0.99,1.5012,-7.282108333,112.789718333
1012,-0.13,0.01,0.99,1.5012,-7.282108333,112.789718333
1013,-0.13,0.01,0.99,1.5012,-7.282108333,112.789718333
1014,-0.13,0.01,0.99,1.5012,-7.282108333,112.789718333
1015,-0.13,0.02,0.99,1.5012,-7.282108333,112.789718333
1016,-0.13,0.01,0.99,1.5012,-7.282108333,112.789718333
1017,-0.13,0.01,0.98,1.5012,-7.282108333,112.789718333
1018,-0.13,0.0,0.99,1.5012,-7.282108333,112.789718333
1019,-0.13,0.02,0.99,1.5012,-7.282108333,112.789718333
1020,-0.13,0.02,0.99,2.0988,-7.282103333,112.78972
1021,-0.13,0.02,0.99,1.5012,-7.282103333,112.78972
1022,-0.13,0.01,0.99,1.5012,-7.282103333,112.78972
1023,-0.12,0.0,0.99,1.5012,-7.282103333,112.78972
1024,-0.13,0.02,0.99,1.5012,-7.282103333,112.78972
1025,-0.13,0.02,0.99,1.5012,-7.282103333,112.78972
1026,-0.13,0.01,0.99,1.5012,-7.282103333,112.78972
1027,-0.13,0.01,0.98,1.5012,-7.282103333,112.78972
1028,-0.12,0.0,0.99,1.5012,-7.282103333,112.78972
1029,-0.13,0.02,0.99,1.5012,-7.282103333,112.78972
1030,-0.13,0.01,0.99,1.4832,-7.2821,112.789721667
1031,-0.13,0.01,0.99,1.4832,-7.2821,112.789721667
1032,-0.13,0.01,0.99,1.4832,-7.2821,112.789721667
1033,-0.13,0.01,0.99,1.5012,-7.2821,112.789721667
1034,-0.13,0.02,0.99,1.5012,-7.2821,112.789721667
1035,-0.14,0.02,0.99,1.5012,-7.2821,112.789721667
1036,-0.13,0.02,0.99,1.5012,-7.2821,112.789721667
1037,-0.13,0.01,0.98,1.5012,-7.2821,112.789721667
1038,-0.13,0.01,0.98,1.5012,-7.2821,112.789721667
1039,-0.13,0.01,0.99,3.3192,-7.282091667,112.789721667
1040,-0.13,0.02,0.99,1.4436,-7.282091667,112.789721667
1041,-0.13,0.01,0.98,1.4436,-7.282091667,112.789721667
1042,-0.13,0.01,0.99,1.4436,-7.282091667,112.789721667
1043,-0.13,0.01,0.99,1.4436,-7.282091667,112.789721667
1044,-0.12,0.01,0.99,1.4436,-7.282091667,112.789721667
1045,-0.13,0.01,0.99,1.4436,-7.282091667,112.789721667
1046,-0.13,0.01,0.98,1.4436,-7.282091667,112.789721667
1047,-0.13,0.02,0.98,1.4436,-7.282091667,112.789721667
1048,-0.13,0.01,0.99,1.4436,-7.282091667,112.789721667
1049,-0.12,0.01,0.98,4.0356,-7.282081667,112.789723333
1050,-0.13,0.01,0.99,1.5012,-7.282081667,112.789723333
1051,-0.13,0.02,0.99,1.5012,-7.282081667,112.789723333
1052,-0.13,0.02,0.99,1.5012,-7.282081667,112.789723333
1053,-0.13,0.01,0.98,1.5012,-7.282081667,112.789723333
1054,-0.13,0.01,0.99,1.5012,-7.282081667,112.789723333
1055,-0.13,0.01,0.98,1.5012,-7.282081667,112.789723333
1056,-0.12,0.01,0.99,1.5012,-7.282081667,112.789723333
1057,-0.13,0.01,0.99,1.5012,-7.282081667,112.789723333
1058,-0.13,0.01,0.99,1.5012,-7.282081667,112.789723333
1059,-0.13,0.01,0.99,5.3496,-7.282068333,112.789725
1060,-0.13,0.01,0.99,1.5912,-7.282068333,112.789725
1061,-0.13,0.01,0.99,1.5912,-7.282068333,112.789725
1062,-0.13,0.01,0.99,1.5912,-7.282068333,112.789725
1063,-0.13,0.01,0.99,1.5912,-7.282068333,112.789725
1064,-0.14,0.01,0.99,1.5912,-7.282068333,112.789725
1065,-0.13,0.02,0.99,1.5912,-7.282068333,112.789725
1066,-0.13,0.01,0.99,1.5912,-7.282068333,112.789725
1067,-0.13,0.02,0.99,1.5912,-7.282068333,112.789725
1068,-0.12,0.01,0.99,1.5912,-7.282068333,112.789725
1069,-0.13,0.01,0.99,5.0508,-7.282056667,112.78973
1070,-0.13,0.01,0.98,1.6668,-7.282056667,112.78973
1071,-0.13,0.01,0.99,1.6668,-7.282056667,112.78973
1072,-0.12,0.01,0.99,1.6668,-7.282056667,112.78973
1073,-0.13,0.02,0.99,1.6668,-7.282056667,112.78973
1074,-0.13,0.01,0.99,1.6668,-7.282056667,112.78973
1075,-0.13,0.01,0.99,1.6668,-7.282056667,112.78973
1076,-0.13,0.01,0.99,1.6668,-7.282056667,112.78973
1077,-0.14,0.02,0.98,1.6668,-7.282056667,112.78973
1078,-0.12,0.01,0.98,5.3496,-7.282043333,112.789731667
1079,-0.13,0.01,0.99,5.3496,-7.282043333,112.789731667
1080,-0.13,0.01,0.99,5.3496,-7.282043333,112.789731667
1081,-0.13,0.02,0.99,1.7784,-7.282043333,112.789731667
1082,-0.13,0.02,0.98,1.7784,-7.282043333,112.789731667
1083,-0.13,0.01,0.98,1.7784,-7.282043333,112.789731667
1084,-0.13,0.01,0.98,1.7784,-7.282043333,112.789731667
1085,-0.13,0.01,0.98,1.7784,-7.282043333,112.789731667
1086,-0.13,0.02,0.99,1.7784,-7.282043333,112.789731667
1087,-0.12,0.01,0.98,1.7784,-7.282043333,112.789731667
1088,-0.13,0.02,0.99,8.0604,-7.282046667,112.789711667
1089,-0.13,0.01,0.98,1.4616,-7.282046667,112.789711667
1090,-0.13,0.02,0.99,1.4616,-7.282046667,112.789711667
1091,-0.13,0.01,0.99,1.4616,-7.282046667,112.789711667
1092,-0.13,0.01,0.99,1.4616,-7.282046667,112.789711667
1093,-0.14,0.01,0.99,1.4616,-7.282046667,112.789711667
1094,-0.13,0.01,0.98,1.4616,-7.282046667,112.789711667
1095,-0.13,0.01,0.99,1.4616,-7.282046667,112.789711667
1096,-0.13,0.01,0.99,1.4616,-7.282046667,112.789711667
1097,-0.13,0.01,0.98,1.4616,-7.282046667,112.789711667
1098,-0.13,0.01,0.99,7.4088,-7.28205,112.789693333
1099,-0.13,0.01,0.98,1.1844,-7.28205,112.789693333
1100,-0.12,0.01,0.98,1.1844,-7.28205,112.789693333
1101,-0.13,0.01,0.98,1.1844,-7.28205,112.789693333
1102,-0.13,0.01,0.99,1.1844,-7.28205,112.789693333
1103,-0.13,0.01,0.98,1.1844,-7.28205,112.789693333
1104,-0.13,0.01,0.99,1.1844,-7.28205,112.789693333
1105,-0.14,0.01,0.99,1.1844,-7.28205,112.789693333
1106,-0.13,0.01,0.98,1.1844,-7.28205,112.789693333
1107,-0.13,0.01,0.99,1.1844,-7.28205,112.789693333
1108,-0.13,0.01,0.99,10.2852,-7.282056667,112.789668333
1109,-0.12,0.02,0.98,0.7776,-7.282056667,112.789668333
1110,-0.13,0.01,0.98,0.7776,-7.282056667,112.789668333
1111,-0.13,0.01,0.98,0.7776,-7.282056667,112.789668333
1112,-0.13,0.01,0.99,0.7776,-7.282056667,112.789668333
1113,-0.13,0.01,0.99,0.7776,-7.282056667,112.789668333
1114,-0.13,0.01,0.99,0.7776,-7.282056667,112.789668333
1115,-0.13,0.01,0.98,0.7776,-7.282056667,112.789668333
1116,-0.14,0.01,0.99,0.7776,-7.282056667,112.789668333
1117,-0.13,0.01,0.99,4.1904,-7.28206,112.789658333
1118,-0.13,0.02,0.99,4.1904,-7.28206,112.789658333
1119,-0.12,0.02,0.98,0.63,-7.28206,112.789658333
1120,-0.13,0.01,0.98,0.63,-7.28206,112.789658333
1121,-0.13,0.02,0.98,0.63,-7.28206,112.789658333
1122,-0.13,0.01,0.99,0.63,-7.28206,112.789658333
1123,-0.13,0.01,0.98,0.63,-7.28206,112.789658333
1124,-0.12,0.01,0.99,0.63,-7.28206,112.789658333
1125,-0.12,0.01,0.98,0.63,-7.28206,112.789658333
1126,-0.13,0.01,0.99,0.63,-7.28206,112.789658333
1127,-0.14,0.02,0.98,3.9744,-7.28206,112.789648333
1128,-0.13,0.01,0.99,3.9744,-7.28206,112.789648333
1129,-0.13,0.01,0.99,3.9744,-7.28206,112.789648333
1130,-0.13,0.02,0.99,0.4428,-7.28206,112.789648333
1131,-0.12,0.01,0.98,0.4428,-7.28206,112.789648333
1132,-0.13,0.01,0.99,0.4428,-7.28206,112.789648333
1133,-0.13,0.01,0.98,0.4428,-7.28206,112.789648333
1134,-0.13,0.01,0.98,0.4428,-7.28206,112.789648333
1135,-0.13,0.01,0.99,0.4428,-7.28206,112.789648333
1136,-0.13,0.02,0.99,0.4428,-7.28206,112.789648333
1137,-0.13,0.01,0.99,3.312,-7.28206,112.78964
1138,-0.13,0.01,0.98,0.3132,-7.28206,112.78964
1139,-0.13,0.01,0.99,0.3132,-7.28206,112.78964
1140,-0.12,0.01,0.98,0.3132,-7.28206,112.78964
1141,-0.12,0.0,0.99,0.3132,-7.28206,112.78964
1142,-0.13,0.01,0.99,0.3132,-7.28206,112.78964
1143,-0.14,0.02,0.99,0.3132,-7.28206,112.78964
1144,-0.13,0.01,0.99,0.3132,-7.28206,112.78964
1145,-0.13,0.01,0.99,0.3132,-7.28206,112.78964
1146,-0.13,0.01,0.99,0.3132,-7.28206,112.78964
1147,-0.13,0.02,0.99,0.6624,-7.282058333,112.78964
1148,-0.13,0.01,0.99,0.6624,-7.282058333,112.78964
1149,-0.14,0.01,0.99,0.2772,-7.282058333,112.78964
1150,-0.13,0.01,0.99,0.2772,-7.282058333,112.78964
1151,-0.13,0.01,0.99,0.2772,-7.282058333,112.78964
1152,-0.13,0.01,0.99,0.2772,-7.282058333,112.78964
1153,-0.13,0.01,0.99,0.2772,-7.282058333,112.78964
1154,-0.13,0.01,0.99,0.2772,-7.282058333,112.78964
1155,-0.13,0.01,0.99,0.2772,-7.282058333,112.78964
1156,-0.12,0.01,0.99,0.2772,-7.282058333,112.78964
1157,-0.14,0.01,0.99,0.0,-7.282058333,112.78964
1158,-0.13,0.01,0.99,0.4824,-7.282058333,112.78964
1159,-0.12,0.01,0.99,0.4824,-7.282058333,112.78964
1160,-0.13,0.01,0.98,0.4824,-7.282058333,112.78964
1161,-0.13,0.01,0.99,0.4824,-7.282058333,112.78964
1162,-0.13,0.01,0.99,0.4824,-7.282058333,112.78964
1163,-0.13,0.01,0.98,0.4824,-7.282058333,112.78964
1164,-0.13,0.01,0.99,0.4824,-7.282058333,112.78964
1165,-0.13,0.0,0.98,0.4824,-7.282058333,112.78964
1166,-0.12,0.01,0.98,0.6624,-7.282056667,112.78964
1167,-0.13,0.01,0.98,0.6624,-7.282056667,112.78964
1168,-0.13,0.01,0.98,0.5004,-7.282056667,112.78964
1169,-0.12,0.01,0.99,0.5004,-7.282056667,112.78964
1170,-0.13,0.01,0.99,0.5004,-7.282056667,112.78964
1171,-0.13,0.01,0.98,0.5004,-7.282056667,112.78964
1172,-0.13,0.01,0.99,0.5004,-7.282056667,112.78964
1173,-0.13,0.01,0.99,0.5004,-7.282056667,112.78964
1174,-0.13,0.02,0.99,0.5004,-7.282056667,112.78964
1175,-0.13,0.01,0.98,0.5004,-7.282056667,112.78964
1176,-0.13,0.02,0.99,0.5004,-7.282056667,112.78964
1177,-0.13,0.01,0.99,0.6624,-7.282055,112.78964
1178,-0.13,0.02,0.98,0.6624,-7.282055,112.78964
1179,-0.14,0.02,0.99,0.6624,-7.282055,112.78964
1180,-0.13,0.01,0.98,0.648,-7.282055,112.78964
1181,-0.13,0.02,0.99,0.648,-7.282055,112.78964
1182,-0.13,0.01,0.99,0.648,-7.282055,112.78964
1183,-0.12,0.01,0.99,0.648,-7.282055,112.78964
1184,-0.13,0.01,0.99,0.648,-7.282055,112.78964
1185,-0.14,0.02,0.98,0.648,-7.282055,112.78964
1186,-0.13,0.01,0.99,0.648,-7.282055,112.78964
1187,-0.13,0.01,0.99,0.6624,-7.282053333,112.78964
1188,-0.13,0.02,0.99,0.7596,-7.282053333,112.78964
1189,-0.13,0.01,0.99,0.7596,-7.282053333,112.78964
1190,-0.13,0.01,0.99,0.7596,-7.282053333,112.78964
1191,-0.13,0.01,0.99,0.7596,-7.282053333,112.78964
1192,-0.13,0.01,0.98,0.7596,-7.282053333,112.78964
1193,-0.13,0.02,0.99,0.7596,-7.282053333,112.78964
1194,-0.13,0.01,0.99,0.7596,-7.282053333,112.78964
1195,-0.13,0.01,0.98,0.7596,-7.282053333,112.78964
1196,-0.13,0.01,0.99,0.6624,-7.282053333,112.789641667
1197,-0.12,0.01,0.98,0.7236,-7.282053333,112.789641667
1198,-0.13,0.02,0.99,0.7236,-7.282053333,112.789641667
1199,-0.13,0.01,0.99,0.7236,-7.282053333,112.789641667
1200,-0.13,0.01,0.99,0.7236,-7.282053333,112.789641667
1201,-0.13,0.01,0.99,0.7236,-7.282053333,112.789641667
1202,-0.12,0.02,0.98,0.7236,-7.282053333,112.789641667
1203,-0.13,0.01,0.98,0.7236,-7.282053333,112.789641667
1204,-0.13,0.01,0.98,0.7236,-7.282053333,112.789641667
1205,-0.13,0.01,0.98,0.7236,-7.282053333,112.789641667
1206,-0.13,0.01,0.98,0.936,-7.282051667,112.789643333
1207,-0.13,0.02,0.98,0.936,-7.282051667,112.789643333
1208,-0.13,0.01,0.99,0.63,-7.282051667,112.789643333
1209,-0.12,0.02,0.98,0.63,-7.282051667,112.789643333
1210,-0.13,0.02,0.99,0.63,-7.282051667,112.789643333
1211,-0.12,0.01,0.98,0.63,-7.282051667,112.789643333
1212,-0.13,0.02,0.98,0.63,-7.282051667,112.789643333
1213,-0.12,0.01,0.99,0.63,-7.282051667,112.789643333
1214,-0.13,0.02,0.99,0.63,-7.282051667,112.789643333
1215,-0.13,0.01,0.99,0.936,-7.28205,112.789645
1216,-0.12,0.01,0.99,0.936,-7.28205,112.789645
1217,-0.13,0.01,0.99,0.4644,-7.28205,112.789645
1218,-0.13,0.01,0.99,0.4644,-7.28205,112.789645
1219,-0.13,0.01,0.98,0.4644,-7.28205,112.789645
1220,-0.13,0.01,0.99,0.4644,-7.28205,112.789645
1221,-0.13,0.01,0.98,0.4644,-7.28205,112.789645
1222,-0.13,0.01,0.99,0.4644,-7.28205,112.789645
1223,-0.12,0.01,0.99,0.4644,-7.28205,112.789645
1224,-0.13,0.01,0.99,0.4644,-7.28205,112.789645
