1,1.08,-0.04,-0.34,nan,0.0,0.0
2,1.08,-0.04,-0.34,nan,0.0,0.0
3,1.08,-0.04,-0.34,nan,0.0,0.0
4,1.08,-0.04,-0.34,nan,0.0,0.0
5,1.08,-0.04,-0.34,nan,0.0,0.0
6,1.08,-0.04,-0.34,nan,0.0,0.0
7,1.05,0.05,-0.4,nan,0.0,0.0
8,1.05,0.05,-0.4,nan,0.0,0.0
9,1.05,0.05,-0.4,nan,0.0,0.0
10,1.05,0.05,-0.4,nan,0.0,0.0
11,1.05,0.05,-0.4,nan,0.0,0.0
12,1.05,0.05,-0.4,nan,0.0,0.0
13,0.91,0.16,-0.18,nan,0.0,0.0
14,0.91,0.16,-0.18,nan,0.0,0.0
15,0.91,0.16,-0.18,nan,0.0,0.0
16,0.91,0.16,-0.18,nan,0.0,0.0
17,0.91,0.16,-0.18,nan,0.0,0.0
18,0.91,0.16,-0.18,nan,0.0,0.0
19,0.91,0.16,-0.18,nan,0.0,0.0
20,0.91,0.16,-0.18,nan,0.0,0.0
21,0.86,0.23,-0.32,nan,0.0,0.0
22,0.86,0.23,-0.32,nan,0.0,0.0
23,0.86,0.23,-0.32,nan,0.0,0.0
24,0.86,0.23,-0.32,nan,0.0,0.0
25,0.86,0.23,-0.32,nan,0.0,0.0
26,1.11,0.08,-0.49,nan,0.0,0.0
27,1.11,0.08,-0.49,nan,0.0,0.0
28,1.11,0.08,-0.49,nan,0.0,0.0
29,1.11,0.08,-0.49,nan,0.0,0.0
30,1.11,0.08,-0.49,nan,0.0,0.0
31,1.11,0.08,-0.49,nan,0.0,0.0
32,1.11,0.08,-0.49,nan,0.0,0.0
33,1.11,0.08,-0.49,nan,0.0,0.0
34,1.22,-0.38,-0.52,nan,0.0,0.0
35,1.22,-0.38,-0.52,nan,0.0,0.0
36,1.22,-0.38,-0.52,nan,0.0,0.0
37,1.22,-0.38,-0.52,nan,0.0,0.0
38,1.22,-0.38,-0.52,nan,0.0,0.0
39,0.99,-0.02,-0.59,nan,0.0,0.0
40,0.99,-0.02,-0.59,nan,0.0,0.0
41,0.99,-0.02,-0.59,nan,0.0,0.0
42,0.99,-0.02,-0.59,nan,0.0,0.0
43,0.99,-0.02,-0.59,nan,0.0,0.0
44,0.99,-0.02,-0.59,nan,0.0,0.0
45,0.86,-0.16,-0.46,nan,0.0,0.0
46,0.86,-0.16,-0.46,nan,0.0,0.0
47,0.86,-0.16,-0.46,nan,0.0,0.0
48,0.86,-0.16,-0.46,nan,0.0,0.0
49,0.86,-0.16,-0.46,nan,0.0,0.0
50,0.86,-0.16,-0.46,nan,0.0,0.0
51,0.88,0.11,-0.35,nan,0.0,0.0
52,0.88,0.11,-0.35,nan,0.0,0.0
53,0.88,0.11,-0.35,nan,0.0,0.0
54,0.88,0.11,-0.35,nan,0.0,0.0
55,0.88,0.11,-0.35,nan,0.0,0.0
56,0.88,0.11,-0.35,nan,0.0,0.0
57,0.88,0.11,-0.35,nan,0.0,0.0
58,0.88,0.11,-0.35,nan,0.0,0.0
59,0.88,0.11,-0.35,nan,0.0,0.0
60,0.82,0.11,-0.17,nan,0.0,0.0
61,0.82,0.11,-0.17,nan,0.0,0.0
62,0.82,0.11,-0.17,nan,0.0,0.0
63,0.82,0.11,-0.17,nan,0.0,0.0
64,0.82,0.11,-0.17,nan,0.0,0.0
65,0.82,0.11,-0.17,nan,0.0,0.0
66,0.82,0.11,-0.17,nan,0.0,0.0
67,0.82,0.11,-0.17,nan,0.0,0.0
68,0.91,0.12,-0.33,nan,0.0,0.0
69,0.91,0.12,-0.33,nan,0.0,0.0
70,0.91,0.12,-0.33,nan,0.0,0.0
71,0.91,0.12,-0.33,nan,0.0,0.0
72,0.91,0.12,-0.33,nan,0.0,0.0
73,0.91,0.12,-0.33,nan,0.0,0.0
74,0.92,0.12,-0.37,nan,0.0,0.0
75,0.92,0.12,-0.37,nan,0.0,0.0
76,0.92,0.12,-0.37,nan,0.0,0.0
77,0.92,0.12,-0.37,nan,0.0,0.0
78,0.92,0.12,-0.37,nan,0.0,0.0
79,0.92,0.12,-0.37,nan,0.0,0.0
80,0.92,0.12,-0.37,nan,0.0,0.0
81,0.92,0.12,-0.37,nan,0.0,0.0
82,0.88,-0.2,-0.45,nan,0.0,0.0
83,0.88,-0.2,-0.45,nan,0.0,0.0
84,0.88,-0.2,-0.45,nan,0.0,0.0
85,0.88,-0.2,-0.45,nan,0.0,0.0
86,0.88,-0.2,-0.45,nan,0.0,0.0
87,0.88,-0.2,-0.45,nan,0.0,0.0
88,0.88,-0.2,-0.45,nan,0.0,0.0
89,0.88,-0.2,-0.45,nan,0.0,0.0
90,1.02,-0.09,-0.48,nan,0.0,0.0
91,1.02,-0.09,-0.48,nan,0.0,0.0
92,1.02,-0.09,-0.48,nan,0.0,0.0
93,1.02,-0.09,-0.48,nan,0.0,0.0
94,1.02,-0.09,-0.48,nan,0.0,0.0
95,1.02,-0.09,-0.48,nan,0.0,0.0
96,0.93,-0.15,-0.42,nan,0.0,0.0
97,0.93,-0.15,-0.42,nan,0.0,0.0
98,0.93,-0.15,-0.42,nan,0.0,0.0
99,0.93,-0.15,-0.42,nan,0.0,0.0
100,0.93,-0.15,-0.42,nan,0.0,0.0
101,0.93,-0.15,-0.42,nan,0.0,0.0
102,0.93,-0.15,-0.42,nan,0.0,0.0
103,0.93,-0.15,-0.42,nan,0.0,0.0
104,0.93,-0.15,-0.42,nan,0.0,0.0
105,1.03,0.03,-0.34,nan,0.0,0.0
106,1.03,0.03,-0.34,nan,0.0,0.0
107,1.03,0.03,-0.34,nan,0.0,0.0
108,1.03,0.03,-0.34,nan,0.0,0.0
109,1.03,0.03,-0.34,nan,0.0,0.0
110,1.03,0.03,-0.34,nan,0.0,0.0
111,1.03,0.03,-0.34,nan,0.0,0.0
112,1.03,0.03,-0.34,nan,0.0,0.0
113,1.0,-0.18,-0.25,nan,0.0,0.0
114,1.0,-0.18,-0.25,nan,0.0,0.0
115,1.0,-0.18,-0.25,nan,0.0,0.0
116,1.0,-0.18,-0.25,nan,0.0,0.0
117,1.0,-0.18,-0.25,nan,0.0,0.0
118,1.0,-0.18,-0.25,nan,0.0,0.0
119,0.82,0.21,-0.16,nan,0.0,0.0
120,0.82,0.21,-0.16,nan,0.0,0.0
121,0.82,0.21,-0.16,nan,0.0,0.0
122,0.82,0.21,-0.16,nan,0.0,0.0
123,0.82,0.21,-0.16,nan,0.0,0.0
124,0.82,0.21,-0.16,nan,0.0,0.0
125,0.82,0.21,-0.16,nan,0.0,0.0
126,0.82,0.21,-0.16,nan,0.0,0.0
127,0.68,0.14,-0.06,nan,0.0,0.0
128,0.68,0.14,-0.06,nan,0.0,0.0
129,0.68,0.14,-0.06,nan,0.0,0.0
130,0.68,0.14,-0.06,nan,0.0,0.0
131,0.68,0.14,-0.06,nan,0.0,0.0
132,0.68,0.14,-0.06,nan,0.0,0.0
133,0.68,0.14,-0.06,nan,0.0,0.0
134,0.68,0.14,-0.06,nan,0.0,0.0
135,0.68,0.14,-0.06,nan,0.0,0.0
136,1.02,0.13,-0.37,nan,0.0,0.0
137,1.02,0.13,-0.37,nan,0.0,0.0
138,1.02,0.13,-0.37,nan,0.0,0.0
139,1.02,0.13,-0.37,nan,0.0,0.0
140,1.02,0.13,-0.37,nan,0.0,0.0
141,1.02,0.13,-0.37,nan,0.0,0.0
142,1.12,-0.23,-0.24,nan,0.0,0.0
143,1.12,-0.23,-0.24,nan,0.0,0.0
144,1.12,-0.23,-0.24,nan,0.0,0.0
145,1.12,-0.23,-0.24,nan,0.0,0.0
146,1.12,-0.23,-0.24,nan,0.0,0.0
147,1.12,-0.23,-0.24,nan,0.0,0.0
148,1.12,-0.23,-0.24,nan,0.0,0.0
149,1.12,-0.23,-0.24,nan,0.0,0.0
150,0.98,-0.26,-0.21,nan,0.0,0.0
151,0.98,-0.26,-0.21,nan,0.0,0.0
152,0.98,-0.26,-0.21,nan,0.0,0.0
153,0.98,-0.26,-0.21,nan,0.0,0.0
154,0.98,-0.26,-0.21,nan,0.0,0.0
155,0.98,-0.26,-0.21,nan,0.0,0.0
156,0.98,-0.26,-0.21,nan,0.0,0.0
157,0.98,-0.26,-0.21,nan,0.0,0.0
158,0.98,0.04,-0.36,nan,0.0,0.0
159,0.98,0.04,-0.36,nan,0.0,0.0
160,0.98,0.04,-0.36,nan,0.0,0.0
161,0.98,0.04,-0.36,nan,0.0,0.0
162,0.98,0.04,-0.36,nan,0.0,0.0
163,0.98,0.04,-0.36,nan,0.0,0.0
164,0.98,0.04,-0.36,nan,0.0,0.0
165,0.95,0.16,-0.4,nan,0.0,0.0
166,0.95,0.16,-0.4,nan,0.0,0.0
167,0.95,0.16,-0.4,nan,0.0,0.0
168,0.95,0.16,-0.4,nan,0.0,0.0
169,0.95,0.16,-0.4,nan,0.0,0.0
170,1.09,0.02,-0.19,nan,0.0,0.0
171,1.09,0.02,-0.19,19.4292,-7.280663333,112.790003333
172,1.1,-0.09,-0.37,19.4292,-7.280663333,112.790003333
173,1.21,-0.25,-0.37,19.4292,-7.280663333,112.790003333
174,0.83,0.01,-0.25,19.1304,-7.280713333,112.790011667
175,0.73,-0.16,-0.31,19.1304,-7.280713333,112.790011667
176,0.95,0.08,-0.63,19.1304,-7.280713333,112.790011667
177,1.11,-0.03,-0.46,19.7424,-7.280763333,112.790015
178,0.94,0.25,-0.43,19.7424,-7.280763333,112.790015
179,1.08,0.03,-0.49,20.4264,-7.280815,112.790021667
180,0.7,0.19,-0.36,20.4264,-7.280815,112.790021667
181,1.15,0.06,-0.52,20.4264,-7.280815,112.790021667
182,0.88,-0.15,-0.41,20.4264,-7.280815,112.790021667
183,0.93,-0.19,-0.32,20.0772,-7.280866667,112.790026667
184,1.04,-0.04,-0.48,20.0772,-7.280866667,112.790026667
185,0.85,-0.07,-0.5,18.9288,-7.280916667,112.790033333
186,0.87,0.17,-0.42,18.9288,-7.280916667,112.790033333
187,0.74,-0.05,-0.33,18.9288,-7.280916667,112.790033333
188,0.8,-0.0,-0.44,18.4464,-7.280963333,112.790038333
189,0.88,-0.06,-0.28,18.4464,-7.280963333,112.790038333
190,1.1,-0.0,-0.32,17.91,-7.281008333,112.790046667
191,0.93,0.05,-0.12,17.91,-7.281008333,112.790046667
192,0.85,-0.21,-0.47,17.91,-7.281008333,112.790046667
193,0.74,-0.07,-0.31,17.8164,-7.281053333,112.790058333
194,0.9,-0.28,-0.35,17.8164,-7.281053333,112.790058333
195,1.04,-0.2,-0.58,17.8164,-7.281053333,112.790058333
196,0.93,-0.25,-0.3,17.0208,-7.281096667,112.79007
197,0.81,-0.3,-0.25,17.0208,-7.281096667,112.79007
198,1.07,-0.12,-0.41,16.9452,-7.281136667,112.790081667
199,0.82,-0.31,-0.28,16.9452,-7.281136667,112.790081667
200,1.0,-0.28,-0.47,16.9452,-7.281178333,112.790093333
201,0.82,-0.23,-0.49,16.9452,-7.281178333,112.790093333
202,0.93,-0.17,-0.44,16.8336,-7.281218333,112.790105
203,0.78,-0.08,-0.4,16.8336,-7.281218333,112.790105
204,0.93,-0.21,-0.33,16.8336,-7.281218333,112.790105
205,0.93,-0.35,-0.44,17.5392,-7.281261667,112.790115
206,0.82,-0.16,-0.24,17.5392,-7.281261667,112.790115
207,0.99,-0.31,-0.43,17.5392,-7.281261667,112.790115
208,0.95,-0.61,-0.18,17.5212,-7.281303333,112.790123333
209,1.1,-0.53,-0.58,17.4276,-7.281346667,112.790135
210,0.87,0.0,-0.46,17.4276,-7.281346667,112.790135
211,1.04,-0.35,-0.4,17.4276,-7.281346667,112.790135
212,0.95,-0.39,-0.46,18.1116,-7.281391667,112.790141667
213,0.76,-0.09,-0.29,18.1116,-7.281391667,112.790141667
214,0.76,-0.19,-0.34,19.0584,-7.281438333,112.790148333
215,1.0,-0.09,-0.38,19.0584,-7.281438333,112.790148333
216,0.93,-0.2,-0.44,19.0584,-7.281438333,112.790148333
217,0.99,-0.34,-0.28,19.836,-7.281486667,112.790148333
218,0.83,-0.19,-0.4,19.836,-7.281486667,112.790148333
219,0.78,-0.08,-0.51,19.836,-7.281486667,112.790148333
220,1.0,-0.7,-0.1,19.818,-7.281538333,112.790145
221,1.16,-0.55,-0.4,19.818,-7.281538333,112.790145
222,0.85,-0.04,-0.26,19.818,-7.281538333,112.790145
223,0.81,0.05,-0.47,19.7964,-7.281588333,112.790141667
224,0.87,-0.25,-0.41,19.7964,-7.281588333,112.790141667
225,1.01,-0.14,-0.37,19.7244,-7.281636667,112.790136667
226,1.08,-0.41,-0.22,19.7244,-7.281636667,112.790136667
227,0.93,-0.27,-0.51,19.7244,-7.281636667,112.790136667
228,1.15,-0.29,-0.37,19.5948,-7.281686667,112.790131667
229,0.96,-0.29,-0.4,19.5948,-7.281686667,112.790131667
230,1.14,-0.23,-0.36,19.5948,-7.281686667,112.790131667
231,1.04,-0.29,-0.31,18.8532,-7.281736667,112.790126667
232,0.91,-0.19,-0.32,18.8532,-7.281736667,112.790126667
233,0.9,-0.34,-0.45,18.8532,-7.281736667,112.790126667
234,0.98,-0.3,-0.22,18.4644,-7.281783333,112.790121667
235,1.14,-0.17,-0.33,18.4644,-7.281783333,112.790121667
236,1.22,-0.5,-0.43,17.5752,-7.281828333,112.790118333
237,0.94,-0.28,-0.28,17.5752,-7.281828333,112.790118333
238,0.73,-0.02,-0.36,17.5572,-7.281873333,112.790115
239,1.02,-0.31,-0.31,17.5572,-7.281873333,112.790115
240,0.96,-0.34,-0.16,17.5572,-7.281873333,112.790115
241,0.82,-0.18,-0.32,19.3176,-7.28192,112.790111667
242,0.95,-0.32,-0.32,19.3176,-7.28192,112.790111667
243,0.98,-0.41,-0.32,18.6876,-7.281966667,112.790106667
244,0.93,-0.39,-0.5,18.6876,-7.281966667,112.790106667
245,0.95,-0.24,-0.36,18.6876,-7.281966667,112.790106667
246,1.07,-0.26,-0.4,17.8524,-7.282011667,112.7901
247,1.0,-0.34,-0.44,17.8524,-7.282011667,112.7901
248,1.06,-0.18,-0.43,17.0568,-7.282056667,112.790095
249,1.53,-0.44,-0.37,17.0568,-7.282056667,112.790095
250,0.95,-0.31,-0.55,17.0568,-7.282056667,112.790095
251,0.91,-0.26,-0.23,17.7804,-7.282101667,112.790086667
252,0.87,-0.32,-0.41,17.7804,-7.282101667,112.790086667
253,0.88,-0.27,-0.29,17.352,-7.282143333,112.790076667
254,0.96,-0.5,-0.32,17.352,-7.282143333,112.790076667
255,0.86,-0.23,-0.25,17.352,-7.282143333,112.790076667
256,1.11,-0.29,-0.28,17.982,-7.28219,112.790071667
257,0.97,-0.3,-0.36,17.982,-7.28219,112.790071667
258,0.94,-0.28,-0.43,17.982,-7.28219,112.790071667
259,0.95,-0.35,-0.39,17.5392,-7.282235,112.790065
260,0.93,-0.26,-0.3,18.7596,-7.282278333,112.790058333
261,0.91,-0.39,-0.28,18.7596,-7.282278333,112.790058333
262,1.01,-0.5,-0.25,18.7596,-7.282278333,112.790058333
263,0.83,-0.21,-0.4,20.0016,-7.282326667,112.790051667
264,0.98,-0.53,-0.29,20.0016,-7.282326667,112.790051667
265,0.88,-0.18,-0.35,20.0016,-7.282326667,112.790051667
266,0.84,-0.22,-0.38,20.7792,-7.282376667,112.790046667
267,0.77,-0.32,-0.28,20.7792,-7.282376667,112.790046667
268,0.91,-0.46,-0.41,20.7792,-7.282376667,112.790046667
269,0.89,-0.44,-0.21,20.8548,-7.28243,112.790045
270,1.01,-0.39,-0.41,20.8548,-7.28243,112.790045
271,0.93,-0.39,-0.24,20.8548,-7.28243,112.790045
272,0.92,-0.12,-0.3,21.186,-7.282481667,112.790041667
273,0.78,-0.34,-0.54,21.186,-7.282481667,112.790041667
274,0.86,-0.37,-0.43,21.186,-7.282481667,112.790041667
275,0.89,-0.51,-0.3,21.3336,-7.282533333,112.790036667
276,0.95,-0.23,-0.44,21.3336,-7.282533333,112.790036667
277,0.84,-0.22,-0.58,21.3912,-7.282586667,112.79003
278,1.05,-0.42,-0.44,21.3912,-7.282586667,112.79003
279,0.83,-0.03,-0.5,21.3912,-7.282586667,112.79003
280,0.94,-0.31,-0.53,20.6496,-7.282641667,112.790026667
281,0.91,-0.37,-0.44,20.6496,-7.282641667,112.790026667
282,0.61,-0.18,-0.64,20.6496,-7.282641667,112.790026667
283,0.75,-0.44,-0.32,19.818,-7.28269,112.79002
284,1.06,-0.41,-0.46,19.818,-7.28269,112.79002
285,0.87,-0.25,-0.31,19.818,-7.28269,112.79002
286,0.83,-0.51,-0.51,19.818,-7.28269,112.79002
287,0.99,-0.39,-0.3,19.0368,-7.28274,112.790015
288,0.84,-0.39,-0.46,19.1664,-7.282788333,112.79001
289,0.75,-0.37,-0.38,19.1664,-7.282788333,112.79001
290,0.9,-0.3,-0.4,19.1664,-7.282788333,112.79001
291,0.9,-0.32,-0.17,18.7416,-7.282835,112.790005
292,0.96,-0.35,-0.37,18.7416,-7.282835,112.790005
293,0.93,-0.24,-0.6,18.7416,-7.282835,112.790005
294,0.93,-0.28,-0.43,18.0216,-7.282881667,112.790001667
295,0.97,-0.45,-0.47,18.0216,-7.282881667,112.790001667
296,0.91,-0.27,-0.37,17.5752,-7.282926667,112.789998333
297,0.96,-0.37,-0.44,17.5752,-7.282926667,112.789998333
298,0.99,-0.21,-0.44,17.5752,-7.282926667,112.789998333
299,1.18,-0.51,-0.36,16.9812,-7.282971667,112.789993333
300,0.94,-0.42,-0.43,16.9812,-7.282971667,112.789993333
301,0.92,-0.52,-0.26,16.8732,-7.283015,112.789988333
302,0.87,-0.36,-0.4,16.8732,-7.283015,112.789988333
303,1.04,-0.42,-0.26,16.8156,-7.283055,112.789983333
304,0.94,-0.3,-0.58,16.8156,-7.283055,112.789983333
305,1.04,-0.12,-0.3,16.8156,-7.283055,112.789983333
306,0.87,-0.3,-0.33,17.334,-7.283098333,112.78998
307,1.12,-0.59,-0.36,17.334,-7.283098333,112.78998
308,1.12,-0.27,-0.53,17.2044,-7.283141667,112.789976667
309,0.89,-0.38,-0.37,17.2044,-7.283141667,112.789976667
310,0.83,-0.46,-0.44,17.2044,-7.283141667,112.789976667
311,0.76,-0.33,-0.27,16.8516,-7.283183333,112.789971667
312,0.84,-0.48,-0.26,16.8516,-7.283183333,112.789971667
313,0.78,-0.3,-0.19,17.8344,-7.283225,112.789968333
314,0.93,-0.33,-0.62,17.8344,-7.283225,112.789968333
315,0.74,-0.44,-0.45,17.91,-7.28327,112.789965
316,0.94,-0.48,-0.25,17.91,-7.28327,112.789965
317,0.87,-0.52,-0.19,17.91,-7.28327,112.789965
318,0.81,-0.25,-0.31,17.316,-7.283315,112.789963333
319,1.21,-0.54,-0.44,17.316,-7.283315,112.789963333
320,1.0,-0.5,-0.35,17.3916,-7.283356667,112.789958333
321,0.81,-0.2,-0.32,17.3916,-7.283356667,112.789958333
322,0.9,-0.34,-0.4,17.3916,-7.283356667,112.789958333
323,1.07,-0.41,-0.27,17.3916,-7.2834,112.789953333
324,0.89,-0.58,-0.33,17.3916,-7.2834,112.789953333
325,0.91,-0.28,-0.13,16.686,-7.283443333,112.78995
326,0.93,-0.46,-0.28,16.686,-7.283443333,112.78995
327,0.75,-0.44,-0.03,16.686,-7.283443333,112.78995
328,1.09,-0.5,-0.06,15.8544,-7.283485,112.789945
329,0.68,-0.34,-0.24,15.8544,-7.283485,112.789945
330,0.66,-0.19,-0.4,16.8516,-7.283528333,112.789935
331,0.82,-0.46,-0.28,16.8516,-7.283528333,112.789935
332,0.71,-0.25,-0.46,16.8156,-7.283571667,112.789928333
333,0.53,0.07,-0.57,16.8156,-7.283571667,112.789928333
334,1.0,-0.55,-0.22,16.8156,-7.283571667,112.789928333
335,0.8,-0.49,-0.6,17.5572,-7.283615,112.789925
336,1.06,-0.44,-0.29,17.5572,-7.283615,112.789925
337,0.7,-0.24,-0.29,17.5932,-7.283661667,112.78992
338,0.97,-0.53,-0.19,17.5932,-7.283661667,112.78992
339,0.87,-0.53,-0.55,18.0756,-7.283708333,112.789915
340,0.77,-0.25,-0.15,18.0756,-7.283708333,112.789915
341,1.19,-0.64,-0.26,18.0756,-7.283708333,112.789915
342,1.22,-0.5,-0.55,18.0936,-7.283755,112.789908333
343,0.94,-0.44,-0.36,18.0936,-7.283755,112.789908333
344,0.95,-0.64,-0.07,16.9452,-7.283793333,112.789898333
345,1.01,-0.28,-0.45,16.9452,-7.283793333,112.789898333
346,0.95,-0.2,-0.23,16.9452,-7.283793333,112.789898333
347,0.89,-0.4,-0.48,16.9812,-7.283835,112.789891667
348,0.84,-0.55,-0.2,16.9812,-7.283835,112.789891667
349,0.86,-0.56,-0.29,18.4284,-7.28388,112.789885
350,0.98,-0.36,-0.28,18.4284,-7.28388,112.789885
351,0.82,-0.4,-0.36,20.4264,-7.283928333,112.789878333
352,0.85,-0.35,-0.49,20.4264,-7.283928333,112.789878333
353,0.86,-0.35,-0.43,20.4264,-7.283928333,112.789878333
354,0.84,-0.31,-0.36,22.0932,-7.283981667,112.789868333
355,0.96,-0.37,-0.47,22.0932,-7.283981667,112.789868333
356,0.91,-0.25,-0.41,22.0932,-7.283981667,112.789868333
357,0.94,-0.52,-0.38,22.0032,-7.284035,112.789853333
358,0.87,-0.37,-0.43,22.0032,-7.284035,112.789853333
359,1.0,-0.41,-0.37,22.0032,-7.284035,112.789853333
360,0.82,-0.2,-0.29,22.0032,-7.284035,112.789853333
361,0.87,-0.48,-0.45,21.9096,-7.284085,112.789831667
362,0.92,-0.25,-0.41,21.9096,-7.284085,112.789831667
363,0.95,-0.23,-0.5,21.4632,-7.284131667,112.789805
364,0.86,-0.17,-0.55,21.4632,-7.284131667,112.789805
365,0.89,-0.31,-0.4,21.4632,-7.284131667,112.789805
366,0.88,-0.32,-0.45,20.4444,-7.284173333,112.789771667
367,0.96,-0.55,-0.43,20.4444,-7.284173333,112.789771667
368,0.86,-0.25,-0.5,20.4444,-7.284173333,112.789771667
369,1.04,-0.57,-0.3,19.9656,-7.284206667,112.789735
370,0.76,-0.26,-0.32,19.9656,-7.284206667,112.789735
371,0.97,-0.39,-0.58,19.9656,-7.284206667,112.789735
372,0.91,-0.39,-0.6,19.4652,-7.284238333,112.789695
373,0.82,-0.48,-0.65,19.4652,-7.284238333,112.789695
374,0.82,-0.4,-0.47,19.4652,-7.284238333,112.789695
375,0.81,-0.32,-0.37,18.9072,-7.284266667,112.789655
376,0.75,-0.6,-0.33,18.9072,-7.284266667,112.789655
377,0.94,-0.44,-0.46,18.4824,-7.284295,112.789618333
378,0.9,-0.55,-0.41,18.4824,-7.284295,112.789618333
379,0.82,-0.24,-0.38,18.4824,-7.284295,112.789618333
380,0.9,-0.44,-0.61,19.0368,-7.284323333,112.78958
381,0.64,-0.38,-0.42,19.0368,-7.284323333,112.78958
382,0.85,-0.42,-0.21,19.1484,-7.284351667,112.789541667
383,0.85,-0.43,-0.29,19.1484,-7.284351667,112.789541667
384,0.86,-0.39,-0.28,19.1484,-7.284351667,112.789541667
385,0.91,-0.3,-0.29,19.1124,-7.28438,112.789503333
386,0.93,-0.4,-0.36,19.1124,-7.28438,112.789503333
387,0.95,-0.49,-0.51,19.1124,-7.28438,112.789503333
388,0.61,-0.38,-0.3,18.3888,-7.284408333,112.789465
389,1.37,-0.76,-0.19,18.3888,-7.284408333,112.789465
390,0.97,-0.51,-0.21,18.4644,-7.284436667,112.789428333
391,0.82,-0.35,-0.44,18.4644,-7.284436667,112.789428333
392,0.79,-0.24,-0.36,18.4644,-7.284436667,112.789428333
393,1.06,-0.62,-0.32,18.8352,-7.284463333,112.78939
394,0.93,-0.35,-0.51,18.8352,-7.284463333,112.78939
395,0.89,-0.39,-0.4,18.4284,-7.28449,112.789351667
396,0.86,-0.39,-0.28,18.4284,-7.28449,112.789351667
397,0.93,-0.41,-0.42,18.4284,-7.28449,112.789351667
398,0.86,-0.21,-0.32,17.4996,-7.284518333,112.789316667
399,0.84,-0.33,-0.34,17.4996,-7.284518333,112.789316667
400,0.83,-0.33,-0.32,17.4996,-7.284518333,112.789316667
401,0.96,-0.55,-0.07,18.9072,-7.284546667,112.78928
402,0.92,-0.41,-0.4,18.9072,-7.284546667,112.78928
403,0.91,-0.43,-0.41,17.3916,-7.284575,112.789245
404,0.82,-0.37,-0.15,17.3916,-7.284575,112.789245
405,0.85,-0.53,-0.41,17.262,-7.284601667,112.78921
406,0.86,-0.3,-0.36,17.262,-7.284601667,112.78921
407,0.98,-0.53,-0.44,17.262,-7.284601667,112.78921
408,0.92,-0.52,-0.32,17.28,-7.284628333,112.789176667
409,0.74,-0.37,-0.36,17.28,-7.284628333,112.789176667
410,0.94,-0.27,-0.24,17.2044,-7.284655,112.789143333
411,0.77,-0.41,-0.36,17.2044,-7.284655,112.789143333
412,0.88,-0.33,-0.21,17.2044,-7.284655,112.789143333
413,0.91,-0.57,-0.13,17.262,-7.284683333,112.789108333
414,0.7,-0.35,-0.29,17.262,-7.284683333,112.789108333
415,1.0,-0.54,-0.57,17.1684,-7.284711667,112.789073333
416,0.85,-0.6,-0.27,17.1684,-7.284711667,112.789073333
417,0.86,-0.42,-0.3,17.0928,-7.284738333,112.789038333
418,0.85,-0.44,-0.35,17.0928,-7.284738333,112.789038333
419,0.82,-0.41,-0.02,16.7796,-7.284761667,112.789003333
420,1.13,-0.71,0.02,16.7796,-7.284761667,112.789003333
421,0.93,-0.51,-0.51,16.7796,-7.284761667,112.789003333
422,0.84,-0.34,-0.25,16.3908,-7.284786667,112.78897
423,0.86,-0.49,-0.52,16.3908,-7.284786667,112.78897
424,0.97,-0.53,-0.23,16.3908,-7.284786667,112.78897
425,0.89,-0.55,-0.4,16.4268,-7.28481,112.788935
426,0.81,-0.21,-0.23,16.002,-7.284833333,112.7889
427,0.95,-0.39,-0.46,16.002,-7.284833333,112.7889
428,0.84,-0.32,-0.47,16.002,-7.284833333,112.7889
429,0.88,-0.3,-0.28,15.372,-7.284851667,112.788865
430,0.87,-0.41,-0.4,15.372,-7.284851667,112.788865
431,0.61,-0.26,-0.18,11.592,-7.284866667,112.788835
432,0.66,-0.22,-0.4,11.592,-7.284866667,112.788835
433,1.24,-0.88,0.01,8.7588,-7.28488,112.788811667
434,0.82,-0.62,-0.16,6.2424,-7.28489,112.788796667
435,1.15,-0.81,0.13,8.0208,-7.2849,112.788781667
436,0.73,-0.6,-0.03,11.0196,-7.284915,112.788761667
437,0.96,-0.83,0.0,nan,0.0,0.0
438,0.96,-0.83,0.0,nan,0.0,0.0
439,0.96,-0.83,0.0,nan,0.0,0.0
440,0.96,-0.83,0.0,nan,0.0,0.0
441,0.81,-0.64,0.06,nan,0.0,0.0
442,0.81,-0.64,0.06,nan,0.0,0.0
443,0.81,-0.64,0.06,nan,0.0,0.0
444,0.81,-0.64,0.06,nan,0.0,0.0
445,0.81,-0.64,0.06,nan,0.0,0.0
446,0.81,-0.64,0.06,nan,0.0,0.0
447,0.81,-0.64,0.06,nan,0.0,0.0
448,1.12,-0.88,-0.15,nan,0.0,0.0
449,1.12,-0.88,-0.15,nan,0.0,0.0
450,1.12,-0.88,-0.15,nan,0.0,0.0
451,1.12,-0.88,-0.15,nan,0.0,0.0
452,1.12,-0.88,-0.15,nan,0.0,0.0
453,1.12,-0.88,-0.15,nan,0.0,0.0
454,1.12,-0.88,-0.15,nan,0.0,0.0
455,0.75,-0.55,-0.03,nan,0.0,0.0
456,0.75,-0.55,-0.03,nan,0.0,0.0
457,0.75,-0.55,-0.03,nan,0.0,0.0
458,0.75,-0.55,-0.03,nan,0.0,0.0
459,0.75,-0.55,-0.03,nan,0.0,0.0
460,0.65,-0.47,-0.06,nan,0.0,0.0
461,0.65,-0.47,-0.06,nan,0.0,0.0
462,0.65,-0.47,-0.06,nan,0.0,0.0
463,0.65,-0.47,-0.06,nan,0.0,0.0
464,0.65,-0.47,-0.06,nan,0.0,0.0
465,0.65,-0.47,-0.06,nan,0.0,0.0
466,0.65,-0.47,-0.06,nan,0.0,0.0
467,1.15,-0.85,0.13,nan,0.0,0.0
468,1.15,-0.85,0.13,nan,0.0,0.0
469,1.15,-0.85,0.13,nan,0.0,0.0
470,1.15,-0.85,0.13,nan,0.0,0.0
471,1.15,-0.85,0.13,nan,0.0,0.0
472,1.15,-0.85,0.13,nan,0.0,0.0
473,0.65,-0.51,-0.21,nan,0.0,0.0
474,0.65,-0.51,-0.21,nan,0.0,0.0
475,0.65,-0.51,-0.21,nan,0.0,0.0
476,0.65,-0.51,-0.21,nan,0.0,0.0
477,0.65,-0.51,-0.21,nan,0.0,0.0
478,0.65,-0.51,-0.21,nan,0.0,0.0
479,0.87,-0.69,-0.02,nan,0.0,0.0
480,0.67,-0.53,-0.04,nan,0.0,0.0
481,0.67,-0.53,-0.04,nan,0.0,0.0
482,0.67,-0.53,-0.04,nan,0.0,0.0
483,0.67,-0.53,-0.04,nan,0.0,0.0
484,0.67,-0.53,-0.04,nan,0.0,0.0
485,0.67,-0.53,-0.04,nan,0.0,0.0
486,0.87,-0.58,-0.33,nan,0.0,0.0
487,0.87,-0.58,-0.33,nan,0.0,0.0
488,0.87,-0.58,-0.33,nan,0.0,0.0
489,0.87,-0.58,-0.33,nan,0.0,0.0
490,0.87,-0.58,-0.33,nan,0.0,0.0
491,0.87,-0.58,-0.33,nan,0.0,0.0
492,0.85,-0.72,0.06,nan,0.0,0.0
493,0.85,-0.72,0.06,nan,0.0,0.0
494,0.85,-0.72,0.06,nan,0.0,0.0
495,0.85,-0.72,0.06,nan,0.0,0.0
496,0.85,-0.72,0.06,nan,0.0,0.0
497,0.85,-0.72,0.06,nan,0.0,0.0
498,0.74,-0.57,-0.07,nan,0.0,0.0
499,0.74,-0.57,-0.07,nan,0.0,0.0
500,0.74,-0.57,-0.07,nan,0.0,0.0
501,0.74,-0.57,-0.07,nan,0.0,0.0
502,0.74,-0.57,-0.07,nan,0.0,0.0
503,0.74,-0.57,-0.07,nan,0.0,0.0
504,0.74,-0.57,-0.07,nan,0.0,0.0
505,0.74,-0.57,-0.07,nan,0.0,0.0
506,0.99,-0.78,0.07,nan,0.0,0.0
507,0.99,-0.78,0.07,nan,0.0,0.0
508,0.99,-0.78,0.07,nan,0.0,0.0
509,0.99,-0.78,0.07,nan,0.0,0.0
510,0.99,-0.78,0.07,nan,0.0,0.0
511,0.99,-0.78,0.07,nan,0.0,0.0
512,0.99,-0.78,0.07,nan,0.0,0.0
513,0.99,-0.78,0.07,nan,0.0,0.0
514,0.67,-0.5,-0.18,nan,0.0,0.0
515,0.67,-0.5,-0.18,nan,0.0,0.0
516,0.67,-0.5,-0.18,nan,0.0,0.0
517,0.67,-0.5,-0.18,nan,0.0,0.0
518,0.67,-0.5,-0.18,nan,0.0,0.0
519,0.67,-0.5,-0.18,nan,0.0,0.0
520,0.67,-0.5,-0.18,nan,0.0,0.0
521,0.84,-0.67,0.07,nan,0.0,0.0
522,0.84,-0.67,0.07,nan,0.0,0.0
523,0.84,-0.67,0.07,nan,0.0,0.0
524,0.84,-0.67,0.07,nan,0.0,0.0
525,0.84,-0.67,0.07,nan,0.0,0.0
526,0.84,-0.67,0.07,nan,0.0,0.0
527,0.84,-0.67,0.07,nan,0.0,0.0
528,0.84,-0.67,0.07,nan,0.0,0.0
529,0.66,-0.63,0.06,nan,0.0,0.0
530,0.66,-0.63,0.06,nan,0.0,0.0
531,0.66,-0.63,0.06,nan,0.0,0.0
532,0.66,-0.63,0.06,nan,0.0,0.0
533,0.66,-0.63,0.06,nan,0.0,0.0
534,0.66,-0.63,0.06,nan,0.0,0.0
535,0.66,-0.63,0.06,nan,0.0,0.0
536,0.66,-0.63,0.06,nan,0.0,0.0
537,1.0,-0.6,-0.38,nan,0.0,0.0
538,1.0,-0.6,-0.38,nan,0.0,0.0
539,1.0,-0.6,-0.38,nan,0.0,0.0
540,1.0,-0.6,-0.38,nan,0.0,0.0
541,1.0,-0.6,-0.38,nan,0.0,0.0
542,1.0,-0.6,-0.38,nan,0.0,0.0
543,1.0,-0.6,-0.38,nan,0.0,0.0
544,1.0,-0.6,-0.38,nan,0.0,0.0
545,0.78,-0.65,-0.02,nan,0.0,0.0
546,0.78,-0.65,-0.02,nan,0.0,0.0
547,0.78,-0.65,-0.02,nan,0.0,0.0
548,0.78,-0.65,-0.02,nan,0.0,0.0
549,0.78,-0.65,-0.02,nan,0.0,0.0
550,0.78,-0.65,-0.02,nan,0.0,0.0
551,0.66,-0.48,-0.23,nan,0.0,0.0
552,0.66,-0.48,-0.23,nan,0.0,0.0
553,0.66,-0.48,-0.23,nan,0.0,0.0
554,0.66,-0.48,-0.23,nan,0.0,0.0
555,0.66,-0.48,-0.23,nan,0.0,0.0
556,0.66,-0.48,-0.23,nan,0.0,0.0
557,0.66,-0.48,-0.23,nan,0.0,0.0
558,0.66,-0.48,-0.23,nan,0.0,0.0
559,0.66,-0.48,-0.23,nan,0.0,0.0
560,1.07,-0.8,0.02,nan,0.0,0.0
561,1.07,-0.8,0.02,nan,0.0,0.0
562,1.07,-0.8,0.02,nan,0.0,0.0
563,1.07,-0.8,0.02,nan,0.0,0.0
564,1.07,-0.8,0.02,nan,0.0,0.0
565,1.07,-0.8,0.02,nan,0.0,0.0
566,1.07,-0.8,0.02,nan,0.0,0.0
567,1.07,-0.8,0.02,nan,0.0,0.0
568,0.5,-0.22,-0.24,nan,0.0,0.0
569,0.5,-0.22,-0.24,nan,0.0,0.0
570,0.5,-0.22,-0.24,nan,0.0,0.0
571,0.5,-0.22,-0.24,nan,0.0,0.0
572,0.5,-0.22,-0.24,nan,0.0,0.0
573,0.5,-0.22,-0.24,nan,0.0,0.0
574,0.5,-0.22,-0.24,nan,0.0,0.0
575,0.5,-0.22,-0.24,nan,0.0,0.0
576,0.78,-0.54,0.09,nan,0.0,0.0
577,0.78,-0.54,0.09,nan,0.0,0.0
578,0.78,-0.54,0.09,nan,0.0,0.0
579,0.78,-0.54,0.09,nan,0.0,0.0
580,0.78,-0.54,0.09,nan,0.0,0.0
581,0.78,-0.54,0.09,nan,0.0,0.0
582,0.78,-0.54,0.09,nan,0.0,0.0
583,0.78,-0.54,0.09,nan,0.0,0.0
584,0.56,-0.3,-0.1,nan,0.0,0.0
585,0.56,-0.3,-0.1,nan,0.0,0.0
586,0.56,-0.3,-0.1,nan,0.0,0.0
587,0.56,-0.3,-0.1,nan,0.0,0.0
588,0.56,-0.3,-0.1,nan,0.0,0.0
589,0.56,-0.3,-0.1,nan,0.0,0.0
590,0.56,-0.3,-0.1,nan,0.0,0.0
591,0.56,-0.3,-0.1,nan,0.0,0.0
592,0.56,-0.3,-0.1,nan,0.0,0.0
593,1.03,-0.88,-0.34,nan,0.0,0.0
594,1.03,-0.88,-0.34,nan,0.0,0.0
595,1.03,-0.88,-0.34,nan,0.0,0.0
596,1.03,-0.88,-0.34,nan,0.0,0.0
597,1.03,-0.88,-0.34,nan,0.0,0.0
598,1.03,-0.88,-0.34,nan,0.0,0.0
599,1.03,-0.88,-0.34,nan,0.0,0.0
600,0.55,-0.47,-0.11,nan,0.0,0.0
601,0.55,-0.47,-0.11,nan,0.0,0.0
602,0.55,-0.47,-0.11,nan,0.0,0.0
603,0.55,-0.47,-0.11,nan,0.0,0.0
604,0.55,-0.47,-0.11,nan,0.0,0.0
605,0.55,-0.47,-0.11,nan,0.0,0.0
606,0.55,-0.47,-0.11,nan,0.0,0.0
607,0.55,-0.47,-0.11,nan,0.0,0.0
608,0.55,-0.47,-0.11,nan,0.0,0.0
609,0.82,-0.67,0.06,nan,0.0,0.0
610,0.82,-0.67,0.06,nan,0.0,0.0
611,0.82,-0.67,0.06,nan,0.0,0.0
612,0.82,-0.67,0.06,nan,0.0,0.0
613,0.82,-0.67,0.06,nan,0.0,0.0
614,0.82,-0.67,0.06,nan,0.0,0.0
615,0.82,-0.67,0.06,nan,0.0,0.0
616,0.82,-0.67,0.06,nan,0.0,0.0
617,1.2,-0.92,-0.17,nan,0.0,0.0
618,1.2,-0.92,-0.17,nan,0.0,0.0
619,1.2,-0.92,-0.17,nan,0.0,0.0
620,1.2,-0.92,-0.17,nan,0.0,0.0
621,1.2,-0.92,-0.17,nan,0.0,0.0
622,1.2,-0.92,-0.17,nan,0.0,0.0
623,1.2,-0.92,-0.17,nan,0.0,0.0
624,0.58,-0.41,-0.36,nan,0.0,0.0
625,0.58,-0.41,-0.36,nan,0.0,0.0
626,0.58,-0.41,-0.36,nan,0.0,0.0
627,0.58,-0.41,-0.36,nan,0.0,0.0
628,0.58,-0.41,-0.36,nan,0.0,0.0
629,0.58,-0.41,-0.36,nan,0.0,0.0
630,0.58,-0.41,-0.36,nan,0.0,0.0
631,0.58,-0.41,-0.36,nan,0.0,0.0
632,0.58,-0.41,-0.36,nan,0.0,0.0
633,0.96,-0.84,-0.05,nan,0.0,0.0
634,0.96,-0.84,-0.05,nan,0.0,0.0
635,0.96,-0.84,-0.05,nan,0.0,0.0
636,0.96,-0.84,-0.05,nan,0.0,0.0
637,0.96,-0.84,-0.05,nan,0.0,0.0
638,0.96,-0.84,-0.05,nan,0.0,0.0
639,0.96,-0.84,-0.05,nan,0.0,0.0
640,0.96,-0.84,-0.05,nan,0.0,0.0
641,0.96,-0.84,-0.05,nan,0.0,0.0
642,0.64,-0.64,-0.06,nan,0.0,0.0
643,0.64,-0.64,-0.06,nan,0.0,0.0
644,0.64,-0.64,-0.06,nan,0.0,0.0
645,0.64,-0.64,-0.06,nan,0.0,0.0
646,0.58,-0.37,-0.36,nan,0.0,0.0
647,0.58,-0.37,-0.36,nan,0.0,0.0
648,0.58,-0.37,-0.36,nan,0.0,0.0
649,0.58,-0.37,-0.36,nan,0.0,0.0
650,0.58,-0.37,-0.36,nan,0.0,0.0
651,0.58,-0.37,-0.36,nan,0.0,0.0
652,0.58,-0.37,-0.36,nan,0.0,0.0
653,0.58,-0.37,-0.36,nan,0.0,0.0
654,0.58,-0.37,-0.36,nan,0.0,0.0
655,0.65,-0.67,0.28,nan,0.0,0.0
656,0.65,-0.67,0.28,nan,0.0,0.0
657,0.65,-0.67,0.28,nan,0.0,0.0
658,0.65,-0.67,0.28,nan,0.0,0.0
659,0.65,-0.67,0.28,nan,0.0,0.0
660,0.65,-0.67,0.28,nan,0.0,0.0
661,0.65,-0.67,0.28,nan,0.0,0.0
662,0.65,-0.67,0.28,nan,0.0,0.0
663,0.65,-0.67,0.28,nan,0.0,0.0
664,0.48,-0.35,-0.02,nan,0.0,0.0
665,0.48,-0.35,-0.02,nan,0.0,0.0
666,0.48,-0.35,-0.02,nan,0.0,0.0
667,0.48,-0.35,-0.02,nan,0.0,0.0
668,0.48,-0.35,-0.02,nan,0.0,0.0
669,0.48,-0.35,-0.02,nan,0.0,0.0
670,0.48,-0.35,-0.02,nan,0.0,0.0
671,0.94,-0.62,0.05,nan,0.0,0.0
672,0.94,-0.62,0.05,nan,0.0,0.0
673,0.94,-0.62,0.05,nan,0.0,0.0
674,0.94,-0.62,0.05,nan,0.0,0.0
675,0.94,-0.62,0.05,nan,0.0,0.0
676,0.94,-0.62,0.05,nan,0.0,0.0
677,0.94,-0.62,0.05,nan,0.0,0.0
678,0.94,-0.62,0.05,nan,0.0,0.0
679,0.5,-0.4,-0.29,nan,0.0,0.0
680,0.5,-0.4,-0.29,nan,0.0,0.0
681,0.5,-0.4,-0.29,nan,0.0,0.0
682,0.5,-0.4,-0.29,nan,0.0,0.0
683,0.5,-0.4,-0.29,nan,0.0,0.0
684,0.5,-0.4,-0.29,nan,0.0,0.0
685,0.5,-0.4,-0.29,nan,0.0,0.0
686,0.5,-0.4,-0.29,nan,0.0,0.0
687,0.85,-0.75,0.06,nan,0.0,0.0
688,0.85,-0.75,0.06,nan,0.0,0.0
689,0.85,-0.75,0.06,nan,0.0,0.0
690,0.85,-0.75,0.06,nan,0.0,0.0
691,0.85,-0.75,0.06,nan,0.0,0.0
692,0.85,-0.75,0.06,nan,0.0,0.0
693,0.85,-0.75,0.06,nan,0.0,0.0
694,0.75,-0.57,-0.04,nan,0.0,0.0
695,0.75,-0.57,-0.04,nan,0.0,0.0
696,0.75,-0.57,-0.04,nan,0.0,0.0
697,0.75,-0.57,-0.04,nan,0.0,0.0
698,0.75,-0.57,-0.04,nan,0.0,0.0
699,0.75,-0.57,-0.04,nan,0.0,0.0
700,0.75,-0.57,-0.04,nan,0.0,0.0
701,0.75,-0.57,-0.04,nan,0.0,0.0
702,0.75,-0.57,-0.04,nan,0.0,0.0
703,0.85,-0.63,-0.21,nan,0.0,0.0
704,0.85,-0.63,-0.21,nan,0.0,0.0
705,0.85,-0.63,-0.21,nan,0.0,0.0
706,0.85,-0.63,-0.21,nan,0.0,0.0
707,0.85,-0.63,-0.21,nan,0.0,0.0
708,0.85,-0.63,-0.21,nan,0.0,0.0
709,0.85,-0.63,-0.21,nan,0.0,0.0
710,0.85,-0.63,-0.21,nan,0.0,0.0
711,0.68,-0.65,-0.16,nan,0.0,0.0
712,0.68,-0.65,-0.16,nan,0.0,0.0
713,0.68,-0.65,-0.16,nan,0.0,0.0
714,0.68,-0.65,-0.16,nan,0.0,0.0
715,0.68,-0.65,-0.16,nan,0.0,0.0
716,0.68,-0.65,-0.16,nan,0.0,0.0
717,0.68,-0.65,-0.16,nan,0.0,0.0
718,0.68,-0.65,-0.16,nan,0.0,0.0
719,0.84,-0.78,0.01,nan,0.0,0.0
720,0.84,-0.78,0.01,nan,0.0,0.0
721,0.84,-0.78,0.01,nan,0.0,0.0
722,0.84,-0.78,0.01,nan,0.0,0.0
723,0.84,-0.78,0.01,nan,0.0,0.0
724,0.84,-0.78,0.01,nan,0.0,0.0
725,0.84,-0.78,0.01,nan,0.0,0.0
726,0.84,-0.78,0.01,nan,0.0,0.0
727,0.86,-0.7,-0.15,nan,0.0,0.0
728,0.86,-0.7,-0.15,nan,0.0,0.0
729,0.86,-0.7,-0.15,nan,0.0,0.0
730,0.86,-0.7,-0.15,nan,0.0,0.0
731,0.86,-0.7,-0.15,nan,0.0,0.0
732,0.86,-0.7,-0.15,nan,0.0,0.0
733,0.86,-0.7,-0.15,nan,0.0,0.0
734,0.86,-0.7,-0.15,nan,0.0,0.0
735,0.56,-0.41,-0.28,nan,0.0,0.0
736,0.56,-0.41,-0.28,nan,0.0,0.0
737,0.56,-0.41,-0.28,nan,0.0,0.0
738,0.56,-0.41,-0.28,nan,0.0,0.0
739,0.56,-0.41,-0.28,nan,0.0,0.0
740,0.56,-0.41,-0.28,nan,0.0,0.0
741,0.56,-0.41,-0.28,nan,0.0,0.0
742,0.56,-0.41,-0.28,nan,0.0,0.0
743,0.95,-0.76,0.23,nan,0.0,0.0
744,0.95,-0.76,0.23,nan,0.0,0.0
745,0.95,-0.76,0.23,nan,0.0,0.0
746,0.95,-0.76,0.23,nan,0.0,0.0
747,0.95,-0.76,0.23,nan,0.0,0.0
748,0.95,-0.76,0.23,nan,0.0,0.0
749,0.95,-0.76,0.23,nan,0.0,0.0
750,0.95,-0.76,0.23,nan,0.0,0.0
751,0.68,-0.31,-0.11,nan,0.0,0.0
752,0.68,-0.31,-0.11,nan,0.0,0.0
753,0.68,-0.31,-0.11,nan,0.0,0.0
754,0.68,-0.31,-0.11,nan,0.0,0.0
755,0.68,-0.31,-0.11,nan,0.0,0.0
756,0.68,-0.31,-0.11,nan,0.0,0.0
757,0.68,-0.31,-0.11,nan,0.0,0.0
758,0.68,-0.31,-0.11,nan,0.0,0.0
759,0.68,-0.31,-0.11,nan,0.0,0.0
760,1.07,-0.59,-0.14,nan,0.0,0.0
761,1.07,-0.59,-0.14,nan,0.0,0.0
762,1.07,-0.59,-0.14,nan,0.0,0.0
763,1.07,-0.59,-0.14,nan,0.0,0.0
764,1.07,-0.59,-0.14,nan,0.0,0.0
765,1.07,-0.59,-0.14,nan,0.0,0.0
766,1.07,-0.59,-0.14,nan,0.0,0.0
767,1.07,-0.59,-0.14,nan,0.0,0.0
768,0.81,-0.41,-0.2,nan,0.0,0.0
769,0.81,-0.41,-0.2,nan,0.0,0.0
770,0.81,-0.41,-0.2,nan,0.0,0.0
771,0.81,-0.41,-0.2,nan,0.0,0.0
772,0.81,-0.41,-0.2,nan,0.0,0.0
773,0.81,-0.41,-0.2,nan,0.0,0.0
774,0.81,-0.41,-0.2,nan,0.0,0.0
775,1.26,-0.76,-0.31,nan,0.0,0.0
776,1.26,-0.76,-0.31,nan,0.0,0.0
777,1.26,-0.76,-0.31,nan,0.0,0.0
778,1.26,-0.76,-0.31,nan,0.0,0.0
779,1.26,-0.76,-0.31,nan,0.0,0.0
780,1.26,-0.76,-0.31,nan,0.0,0.0
781,1.26,-0.76,-0.31,nan,0.0,0.0
782,1.26,-0.76,-0.31,nan,0.0,0.0
783,1.26,-0.76,-0.31,nan,0.0,0.0
784,0.98,-0.58,-0.26,nan,0.0,0.0
785,0.98,-0.58,-0.26,nan,0.0,0.0
786,0.98,-0.58,-0.26,nan,0.0,0.0
787,0.98,-0.58,-0.26,nan,0.0,0.0
788,0.98,-0.58,-0.26,nan,0.0,0.0
789,0.98,-0.58,-0.26,nan,0.0,0.0
790,0.98,-0.58,-0.26,nan,0.0,0.0
791,0.98,-0.58,-0.26,nan,0.0,0.0
792,0.98,-0.58,-0.26,nan,0.0,0.0
793,0.86,-0.68,-0.33,nan,0.0,0.0
794,0.86,-0.68,-0.33,nan,0.0,0.0
795,0.86,-0.68,-0.33,nan,0.0,0.0
796,0.86,-0.68,-0.33,nan,0.0,0.0
797,0.86,-0.68,-0.33,nan,0.0,0.0
798,0.86,-0.68,-0.33,nan,0.0,0.0
799,0.8,-0.45,-0.18,nan,0.0,0.0
800,0.8,-0.45,-0.18,nan,0.0,0.0
801,0.8,-0.45,-0.18,nan,0.0,0.0
802,0.8,-0.45,-0.18,nan,0.0,0.0
803,0.8,-0.45,-0.18,nan,0.0,0.0
804,0.8,-0.45,-0.18,nan,0.0,0.0
805,0.8,-0.45,-0.18,nan,0.0,0.0
806,0.8,-0.45,-0.18,nan,0.0,0.0
807,0.8,-0.45,-0.18,nan,0.0,0.0
808,0.84,-0.52,-0.35,nan,0.0,0.0
809,0.84,-0.52,-0.35,nan,0.0,0.0
810,0.84,-0.52,-0.35,nan,0.0,0.0
811,0.84,-0.52,-0.35,nan,0.0,0.0
812,0.84,-0.52,-0.35,nan,0.0,0.0
813,0.84,-0.52,-0.35,nan,0.0,0.0
814,0.84,-0.52,-0.35,nan,0.0,0.0
815,0.84,-0.52,-0.35,nan,0.0,0.0
816,0.87,-0.65,-0.11,nan,0.0,0.0
817,0.87,-0.65,-0.11,nan,0.0,0.0
818,0.87,-0.65,-0.11,nan,0.0,0.0
819,0.87,-0.65,-0.11,nan,0.0,0.0
820,0.87,-0.65,-0.11,nan,0.0,0.0
821,0.87,-0.65,-0.11,nan,0.0,0.0
822,0.87,-0.65,-0.11,nan,0.0,0.0
823,0.68,-0.42,-0.33,nan,0.0,0.0
824,0.68,-0.42,-0.33,nan,0.0,0.0
825,0.68,-0.42,-0.33,nan,0.0,0.0
826,0.68,-0.42,-0.33,nan,0.0,0.0
827,0.68,-0.42,-0.33,nan,0.0,0.0
828,0.68,-0.42,-0.33,nan,0.0,0.0
829,0.68,-0.42,-0.33,nan,0.0,0.0
830,0.68,-0.42,-0.33,nan,0.0,0.0
831,0.68,-0.42,-0.33,nan,0.0,0.0
832,1.06,-0.94,-0.19,nan,0.0,0.0
833,1.06,-0.94,-0.19,nan,0.0,0.0
834,1.06,-0.94,-0.19,nan,0.0,0.0
835,1.06,-0.94,-0.19,nan,0.0,0.0
836,1.06,-0.94,-0.19,nan,0.0,0.0
837,1.06,-0.94,-0.19,nan,0.0,0.0
838,1.06,-0.94,-0.19,nan,0.0,0.0
839,1.06,-0.94,-0.19,nan,0.0,0.0
840,0.64,-0.59,-0.35,nan,0.0,0.0
841,0.64,-0.59,-0.35,nan,0.0,0.0
842,0.64,-0.59,-0.35,nan,0.0,0.0
843,0.64,-0.59,-0.35,nan,0.0,0.0
844,0.64,-0.59,-0.35,nan,0.0,0.0
845,0.64,-0.59,-0.35,nan,0.0,0.0
846,0.64,-0.59,-0.35,nan,0.0,0.0
847,0.88,-0.59,-0.36,nan,0.0,0.0
848,0.88,-0.59,-0.36,nan,0.0,0.0
849,0.88,-0.59,-0.36,nan,0.0,0.0
850,0.88,-0.59,-0.36,nan,0.0,0.0
851,0.88,-0.59,-0.36,nan,0.0,0.0
852,0.88,-0.59,-0.36,nan,0.0,0.0
853,0.88,-0.59,-0.36,nan,0.0,0.0
854,0.88,-0.59,-0.36,nan,0.0,0.0
855,0.88,-0.59,-0.36,nan,0.0,0.0
856,0.85,-0.52,-0.19,nan,0.0,0.0
857,0.85,-0.52,-0.19,nan,0.0,0.0
858,0.85,-0.52,-0.19,nan,0.0,0.0
859,0.85,-0.52,-0.19,nan,0.0,0.0
860,0.85,-0.52,-0.19,nan,0.0,0.0
861,0.85,-0.52,-0.19,nan,0.0,0.0
862,0.85,-0.52,-0.19,nan,0.0,0.0
863,0.85,-0.52,-0.19,nan,0.0,0.0
864,0.7,-0.54,-0.27,nan,0.0,0.0
865,0.7,-0.54,-0.27,nan,0.0,0.0
866,0.7,-0.54,-0.27,nan,0.0,0.0
867,0.7,-0.54,-0.27,nan,0.0,0.0
868,0.7,-0.54,-0.27,nan,0.0,0.0
869,0.7,-0.54,-0.27,nan,0.0,0.0
870,0.7,-0.54,-0.27,nan,0.0,0.0
871,0.61,-0.44,-0.38,nan,0.0,0.0
872,0.61,-0.44,-0.38,nan,0.0,0.0
873,0.61,-0.44,-0.38,nan,0.0,0.0
874,0.61,-0.44,-0.38,nan,0.0,0.0
875,0.61,-0.44,-0.38,nan,0.0,0.0
876,0.61,-0.44,-0.38,nan,0.0,0.0
877,0.61,-0.44,-0.38,nan,0.0,0.0
878,0.61,-0.44,-0.38,nan,0.0,0.0
879,0.79,-0.56,-0.32,nan,0.0,0.0
880,0.79,-0.56,-0.32,nan,0.0,0.0
881,0.79,-0.56,-0.32,nan,0.0,0.0
882,0.79,-0.56,-0.32,nan,0.0,0.0
883,0.79,-0.56,-0.32,nan,0.0,0.0
884,0.79,-0.56,-0.32,nan,0.0,0.0
885,0.79,-0.56,-0.32,nan,0.0,0.0
886,0.79,-0.56,-0.32,nan,0.0,0.0
887,0.79,-0.56,-0.32,nan,0.0,0.0
888,0.74,-0.48,-0.26,nan,0.0,0.0
889,0.74,-0.48,-0.26,nan,0.0,0.0
890,0.74,-0.48,-0.26,nan,0.0,0.0
891,0.74,-0.48,-0.26,nan,0.0,0.0
892,0.74,-0.48,-0.26,nan,0.0,0.0
893,0.74,-0.48,-0.26,nan,0.0,0.0
894,0.74,-0.48,-0.26,nan,0.0,0.0
895,0.69,-0.51,-0.25,nan,0.0,0.0
896,0.69,-0.51,-0.25,nan,0.0,0.0
897,0.69,-0.51,-0.25,nan,0.0,0.0
898,0.69,-0.51,-0.25,nan,0.0,0.0
899,0.69,-0.51,-0.25,nan,0.0,0.0
900,0.69,-0.51,-0.25,nan,0.0,0.0
901,0.69,-0.51,-0.25,nan,0.0,0.0
902,0.69,-0.51,-0.25,nan,0.0,0.0
903,0.65,-0.57,-0.21,nan,0.0,0.0
904,0.65,-0.57,-0.21,nan,0.0,0.0
905,0.65,-0.57,-0.21,nan,0.0,0.0
906,0.65,-0.57,-0.21,nan,0.0,0.0
907,0.65,-0.57,-0.21,nan,0.0,0.0
908,0.65,-0.57,-0.21,nan,0.0,0.0
909,0.65,-0.57,-0.21,nan,0.0,0.0
910,0.65,-0.57,-0.21,nan,0.0,0.0
911,0.65,-0.57,-0.21,nan,0.0,0.0
912,0.67,-0.65,-0.28,nan,0.0,0.0
913,0.67,-0.65,-0.28,nan,0.0,0.0
914,0.67,-0.65,-0.28,nan,0.0,0.0
915,0.67,-0.65,-0.28,nan,0.0,0.0
916,0.67,-0.65,-0.28,nan,0.0,0.0
917,0.67,-0.65,-0.28,nan,0.0,0.0
918,0.67,-0.65,-0.28,nan,0.0,0.0
919,0.67,-0.65,-0.28,nan,0.0,0.0
920,0.82,-0.6,-0.17,nan,0.0,0.0
921,0.82,-0.6,-0.17,nan,0.0,0.0
922,0.82,-0.6,-0.17,nan,0.0,0.0
923,0.82,-0.6,-0.17,nan,0.0,0.0
924,0.82,-0.6,-0.17,nan,0.0,0.0
925,0.82,-0.6,-0.17,nan,0.0,0.0
926,0.82,-0.6,-0.17,nan,0.0,0.0
927,0.82,-0.6,-0.17,nan,0.0,0.0
928,0.94,-0.57,-0.42,nan,0.0,0.0
929,0.94,-0.57,-0.42,nan,0.0,0.0
930,0.94,-0.57,-0.42,nan,0.0,0.0
931,0.94,-0.57,-0.42,nan,0.0,0.0
932,0.94,-0.57,-0.42,nan,0.0,0.0
933,0.94,-0.57,-0.42,nan,0.0,0.0
934,0.94,-0.57,-0.42,nan,0.0,0.0
935,0.94,-0.57,-0.42,nan,0.0,0.0
936,0.99,-0.46,-0.4,nan,0.0,0.0
937,0.99,-0.46,-0.4,nan,0.0,0.0
938,0.99,-0.46,-0.4,nan,0.0,0.0
939,0.99,-0.46,-0.4,nan,0.0,0.0
940,0.99,-0.46,-0.4,nan,0.0,0.0
941,0.99,-0.46,-0.4,nan,0.0,0.0
942,0.99,-0.46,-0.4,nan,0.0,0.0
943,0.99,-0.46,-0.4,nan,0.0,0.0
944,1.03,-0.61,-0.33,nan,0.0,0.0
945,1.03,-0.61,-0.33,nan,0.0,0.0
946,1.03,-0.61,-0.33,nan,0.0,0.0
947,1.03,-0.61,-0.33,nan,0.0,0.0
948,1.03,-0.61,-0.33,nan,0.0,0.0
949,1.03,-0.61,-0.33,nan,0.0,0.0
950,1.03,-0.61,-0.33,nan,0.0,0.0
951,1.03,-0.61,-0.33,nan,0.0,0.0
952,1.07,-0.64,-0.18,nan,0.0,0.0
953,1.07,-0.64,-0.18,nan,0.0,0.0
954,1.07,-0.64,-0.18,nan,0.0,0.0
955,1.07,-0.64,-0.18,nan,0.0,0.0
956,1.07,-0.64,-0.18,nan,0.0,0.0
957,1.07,-0.64,-0.18,nan,0.0,0.0
958,1.07,-0.64,-0.18,nan,0.0,0.0
959,1.07,-0.64,-0.18,nan,0.0,0.0
960,0.91,-0.62,-0.22,nan,0.0,0.0
961,0.91,-0.62,-0.22,nan,0.0,0.0
962,0.91,-0.62,-0.22,nan,0.0,0.0
963,0.91,-0.62,-0.22,nan,0.0,0.0
964,0.91,-0.62,-0.22,nan,0.0,0.0
965,0.91,-0.62,-0.22,nan,0.0,0.0
966,0.91,-0.62,-0.22,nan,0.0,0.0
967,0.91,-0.62,-0.22,nan,0.0,0.0
968,1.05,-0.66,-0.34,nan,0.0,0.0
969,1.05,-0.66,-0.34,nan,0.0,0.0
970,1.05,-0.66,-0.34,nan,0.0,0.0
971,1.05,-0.66,-0.34,nan,0.0,0.0
972,1.05,-0.66,-0.34,nan,0.0,0.0
973,1.05,-0.66,-0.34,nan,0.0,0.0
974,1.05,-0.66,-0.34,nan,0.0,0.0
975,0.75,-0.4,-0.25,nan,0.0,0.0
976,0.75,-0.4,-0.25,nan,0.0,0.0
977,0.75,-0.4,-0.25,nan,0.0,0.0
978,0.75,-0.4,-0.25,nan,0.0,0.0
979,0.75,-0.4,-0.25,nan,0.0,0.0
980,0.75,-0.4,-0.25,nan,0.0,0.0
981,0.75,-0.4,-0.25,nan,0.0,0.0
982,0.75,-0.4,-0.25,nan,0.0,0.0
983,0.75,-0.4,-0.25,nan,0.0,0.0
984,0.84,-0.43,-0.31,nan,0.0,0.0
985,0.84,-0.43,-0.31,nan,0.0,0.0
986,0.84,-0.43,-0.31,nan,0.0,0.0
987,0.84,-0.43,-0.31,nan,0.0,0.0
988,0.84,-0.43,-0.31,nan,0.0,0.0
989,0.84,-0.43,-0.31,nan,0.0,0.0
990,0.84,-0.43,-0.31,nan,0.0,0.0
991,0.84,-0.43,-0.31,nan,0.0,0.0
992,0.87,-0.73,-0.33,nan,0.0,0.0
993,0.87,-0.73,-0.33,nan,0.0,0.0
994,0.87,-0.73,-0.33,nan,0.0,0.0
995,0.87,-0.73,-0.33,nan,0.0,0.0
996,0.87,-0.73,-0.33,nan,0.0,0.0
997,0.87,-0.73,-0.33,nan,0.0,0.0
998,0.87,-0.73,-0.33,nan,0.0,0.0
999,0.81,-0.55,-0.25,nan,0.0,0.0
1000,0.81,-0.55,-0.25,nan,0.0,0.0
1001,0.81,-0.55,-0.25,nan,0.0,0.0
1002,0.81,-0.55,-0.25,nan,0.0,0.0
1003,0.81,-0.55,-0.25,nan,0.0,0.0
1004,0.81,-0.55,-0.25,nan,0.0,0.0
1005,0.81,-0.55,-0.25,nan,0.0,0.0
1006,0.81,-0.55,-0.25,nan,0.0,0.0
1007,0.81,-0.55,-0.25,nan,0.0,0.0
1008,0.81,-0.57,-0.21,nan,0.0,0.0
1009,0.81,-0.57,-0.21,nan,0.0,0.0
1010,0.81,-0.57,-0.21,nan,0.0,0.0
1011,0.81,-0.57,-0.21,nan,0.0,0.0
1012,0.81,-0.57,-0.21,nan,0.0,0.0
1013,0.81,-0.57,-0.21,nan,0.0,0.0
1014,0.81,-0.57,-0.21,nan,0.0,0.0
1015,0.81,-0.57,-0.21,nan,0.0,0.0
1016,1.07,-0.6,-0.48,nan,0.0,0.0
1017,1.07,-0.6,-0.48,nan,0.0,0.0
1018,1.07,-0.6,-0.48,nan,0.0,0.0
1019,1.07,-0.6,-0.48,nan,0.0,0.0
1020,1.07,-0.6,-0.48,nan,0.0,0.0
1021,1.07,-0.6,-0.48,nan,0.0,0.0
1022,1.07,-0.6,-0.48,nan,0.0,0.0
1023,0.91,-0.62,-0.25,nan,0.0,0.0
1024,0.91,-0.62,-0.25,nan,0.0,0.0
1025,0.91,-0.62,-0.25,nan,0.0,0.0
1026,0.91,-0.62,-0.25,nan,0.0,0.0
1027,0.91,-0.62,-0.25,nan,0.0,0.0
1028,0.91,-0.62,-0.25,nan,0.0,0.0
1029,0.91,-0.62,-0.25,nan,0.0,0.0
1030,0.91,-0.62,-0.25,nan,0.0,0.0
1031,0.91,-0.62,-0.25,nan,0.0,0.0
1032,0.69,-0.25,-0.41,nan,0.0,0.0
1033,0.69,-0.25,-0.41,nan,0.0,0.0
1034,0.69,-0.25,-0.41,nan,0.0,0.0
1035,0.69,-0.25,-0.41,nan,0.0,0.0
1036,0.69,-0.25,-0.41,nan,0.0,0.0
1037,0.69,-0.25,-0.41,nan,0.0,0.0
1038,0.69,-0.25,-0.41,nan,0.0,0.0
1039,0.69,-0.25,-0.41,nan,0.0,0.0
1040,0.79,-0.47,-0.39,nan,0.0,0.0
1041,0.79,-0.47,-0.39,nan,0.0,0.0
1042,0.79,-0.47,-0.39,nan,0.0,0.0
1043,0.79,-0.47,-0.39,nan,0.0,0.0
1044,0.79,-0.47,-0.39,nan,0.0,0.0
1045,0.79,-0.47,-0.39,nan,0.0,0.0
1046,0.79,-0.47,-0.39,nan,0.0,0.0
1047,0.79,-0.47,-0.39,nan,0.0,0.0
1048,0.92,-0.59,-0.33,nan,0.0,0.0
1049,0.92,-0.59,-0.33,nan,0.0,0.0
1050,0.92,-0.59,-0.33,nan,0.0,0.0
1051,0.92,-0.59,-0.33,nan,0.0,0.0
1052,0.92,-0.59,-0.33,nan,0.0,0.0
1053,0.92,-0.59,-0.33,nan,0.0,0.0
1054,0.92,-0.59,-0.33,nan,0.0,0.0
1055,0.92,-0.59,-0.33,nan,0.0,0.0
1056,0.92,-0.59,-0.33,nan,0.0,0.0
1057,0.8,-0.74,-0.18,nan,0.0,0.0
1058,0.8,-0.74,-0.18,nan,0.0,0.0
1059,0.8,-0.74,-0.18,nan,0.0,0.0
1060,0.8,-0.74,-0.18,nan,0.0,0.0
1061,0.8,-0.74,-0.18,nan,0.0,0.0
1062,0.8,-0.74,-0.18,nan,0.0,0.0
1063,0.8,-0.74,-0.18,nan,0.0,0.0
1064,0.8,-0.74,-0.18,nan,0.0,0.0
1065,0.8,-0.74,-0.18,nan,0.0,0.0
1066,0.78,-0.5,-0.33,nan,0.0,0.0
1067,0.78,-0.5,-0.33,nan,0.0,0.0
1068,0.78,-0.5,-0.33,nan,0.0,0.0
1069,0.78,-0.5,-0.33,nan,0.0,0.0
1070,0.75,-0.58,-0.19,nan,0.0,0.0
1071,0.75,-0.58,-0.19,nan,0.0,0.0
1072,0.75,-0.58,-0.19,nan,0.0,0.0
1073,0.75,-0.58,-0.19,nan,0.0,0.0
1074,0.75,-0.58,-0.19,nan,0.0,0.0
1075,0.75,-0.58,-0.19,nan,0.0,0.0
1076,0.75,-0.58,-0.19,nan,0.0,0.0
1077,0.75,-0.58,-0.19,nan,0.0,0.0
1078,0.78,-0.38,-0.31,nan,0.0,0.0
1079,0.78,-0.38,-0.31,nan,0.0,0.0
1080,0.78,-0.38,-0.31,nan,0.0,0.0
1081,0.78,-0.38,-0.31,nan,0.0,0.0
1082,0.78,-0.38,-0.31,nan,0.0,0.0
1083,0.78,-0.38,-0.31,nan,0.0,0.0
1084,0.78,-0.38,-0.31,nan,0.0,0.0
1085,0.78,-0.38,-0.31,nan,0.0,0.0
1086,0.66,-0.39,-0.21,nan,0.0,0.0
1087,0.66,-0.39,-0.21,nan,0.0,0.0
1088,0.66,-0.39,-0.21,nan,0.0,0.0
1089,0.66,-0.39,-0.21,nan,0.0,0.0
1090,0.66,-0.39,-0.21,nan,0.0,0.0
1091,0.66,-0.39,-0.21,nan,0.0,0.0
1092,0.72,-0.42,-0.32,nan,0.0,0.0
1093,0.72,-0.42,-0.32,nan,0.0,0.0
1094,0.72,-0.42,-0.32,nan,0.0,0.0
1095,0.72,-0.42,-0.32,nan,0.0,0.0
1096,0.72,-0.42,-0.32,nan,0.0,0.0
1097,0.72,-0.42,-0.32,nan,0.0,0.0
1098,0.72,-0.42,-0.32,nan,0.0,0.0
1099,0.78,-0.51,-0.28,nan,0.0,0.0
1100,0.78,-0.51,-0.28,nan,0.0,0.0
1101,0.78,-0.51,-0.28,nan,0.0,0.0
1102,0.78,-0.51,-0.28,nan,0.0,0.0
1103,0.78,-0.51,-0.28,nan,0.0,0.0
1104,0.78,-0.51,-0.28,nan,0.0,0.0
1105,0.78,-0.51,-0.28,nan,0.0,0.0
1106,0.78,-0.51,-0.28,nan,0.0,0.0
1107,0.78,-0.51,-0.28,nan,0.0,0.0
1108,0.81,-0.55,-0.43,nan,0.0,0.0
1109,0.81,-0.55,-0.43,nan,0.0,0.0
1110,0.81,-0.55,-0.43,nan,0.0,0.0
1111,0.81,-0.55,-0.43,nan,0.0,0.0
1112,0.81,-0.55,-0.43,nan,0.0,0.0
1113,0.81,-0.55,-0.43,nan,0.0,0.0
1114,0.79,-0.76,-0.34,nan,0.0,0.0
1115,0.79,-0.76,-0.34,nan,0.0,0.0
1116,0.79,-0.76,-0.34,nan,0.0,0.0
1117,0.79,-0.76,-0.34,nan,0.0,0.0
1118,0.79,-0.76,-0.34,nan,0.0,0.0
1119,0.79,-0.76,-0.34,nan,0.0,0.0
1120,0.78,-0.6,-0.38,nan,0.0,0.0
1121,0.78,-0.6,-0.38,nan,0.0,0.0
1122,0.78,-0.6,-0.38,nan,0.0,0.0
1123,0.78,-0.6,-0.38,nan,0.0,0.0
1124,0.78,-0.6,-0.38,nan,0.0,0.0
1125,0.78,-0.6,-0.38,nan,0.0,0.0
1126,0.78,-0.6,-0.38,nan,0.0,0.0
1127,0.78,-0.6,-0.38,nan,0.0,0.0
1128,0.78,-0.6,-0.38,nan,0.0,0.0
1129,0.81,-0.54,-0.31,nan,0.0,0.0
1130,0.81,-0.54,-0.31,nan,0.0,0.0
1131,0.81,-0.54,-0.31,nan,0.0,0.0
1132,0.81,-0.54,-0.31,nan,0.0,0.0
1133,0.81,-0.54,-0.31,nan,0.0,0.0
1134,0.81,-0.54,-0.31,nan,0.0,0.0
1135,0.81,-0.54,-0.31,nan,0.0,0.0
1136,0.82,-0.53,-0.31,nan,0.0,0.0
1137,0.82,-0.53,-0.31,nan,0.0,0.0
1138,0.82,-0.53,-0.31,nan,0.0,0.0
1139,0.82,-0.53,-0.31,nan,0.0,0.0
1140,0.82,-0.53,-0.31,nan,0.0,0.0
1141,0.82,-0.53,-0.31,nan,0.0,0.0
1142,0.82,-0.53,-0.31,nan,0.0,0.0
1143,0.84,-0.6,-0.2,nan,0.0,0.0
1144,0.84,-0.6,-0.2,nan,0.0,0.0
1145,0.84,-0.6,-0.2,nan,0.0,0.0
1146,0.84,-0.6,-0.2,nan,0.0,0.0
1147,0.84,-0.6,-0.2,nan,0.0,0.0
1148,0.84,-0.6,-0.2,nan,0.0,0.0
1149,0.84,-0.6,-0.2,nan,0.0,0.0
1150,0.84,-0.6,-0.2,nan,0.0,0.0
1151,0.84,-0.6,-0.2,nan,0.0,0.0
1152,0.88,-0.5,-0.27,nan,0.0,0.0
1153,0.88,-0.5,-0.27,nan,0.0,0.0
1154,0.88,-0.5,-0.27,nan,0.0,0.0
1155,0.88,-0.5,-0.27,nan,0.0,0.0
1156,0.88,-0.5,-0.27,nan,0.0,0.0
1157,0.88,-0.5,-0.27,nan,0.0,0.0
1158,0.88,-0.5,-0.27,nan,0.0,0.0
1159,0.88,-0.5,-0.27,nan,0.0,0.0
1160,0.85,-0.64,-0.25,nan,0.0,0.0
1161,0.85,-0.64,-0.25,nan,0.0,0.0
1162,0.85,-0.64,-0.25,nan,0.0,0.0
1163,0.85,-0.64,-0.25,nan,0.0,0.0
1164,0.85,-0.64,-0.25,nan,0.0,0.0
1165,0.85,-0.64,-0.25,nan,0.0,0.0
1166,0.85,-0.64,-0.25,nan,0.0,0.0
1167,1.05,-0.71,-0.52,nan,0.0,0.0
1168,1.05,-0.71,-0.52,nan,0.0,0.0
1169,1.05,-0.71,-0.52,nan,0.0,0.0
1170,1.05,-0.71,-0.52,nan,0.0,0.0
1171,1.05,-0.71,-0.52,nan,0.0,0.0
1172,1.05,-0.71,-0.52,nan,0.0,0.0
1173,1.05,-0.71,-0.52,nan,0.0,0.0
1174,1.05,-0.71,-0.52,nan,0.0,0.0
1175,0.75,-0.48,-0.31,nan,0.0,0.0
1176,0.75,-0.48,-0.31,nan,0.0,0.0
1177,0.75,-0.48,-0.31,nan,0.0,0.0
1178,0.75,-0.48,-0.31,nan,0.0,0.0
1179,0.75,-0.48,-0.31,nan,0.0,0.0
1180,0.75,-0.48,-0.31,nan,0.0,0.0
1181,0.75,-0.48,-0.31,nan,0.0,0.0
1182,0.75,-0.48,-0.31,nan,0.0,0.0
1183,0.75,-0.48,-0.31,nan,0.0,0.0
1184,1.07,-0.69,-0.4,nan,0.0,0.0
1185,1.07,-0.69,-0.4,nan,0.0,0.0
1186,1.07,-0.69,-0.4,nan,0.0,0.0
1187,0.79,-0.46,-0.32,nan,0.0,0.0
1188,0.79,-0.46,-0.32,nan,0.0,0.0
1189,0.79,-0.46,-0.32,nan,0.0,0.0
1190,0.79,-0.46,-0.32,nan,0.0,0.0
1191,0.79,-0.46,-0.32,nan,0.0,0.0
1192,0.79,-0.46,-0.32,nan,0.0,0.0
1193,0.79,-0.46,-0.32,nan,0.0,0.0
1194,0.79,-0.46,-0.32,nan,0.0,0.0
1195,0.8,-0.43,-0.24,nan,0.0,0.0
1196,0.8,-0.43,-0.24,nan,0.0,0.0
1197,0.8,-0.43,-0.24,nan,0.0,0.0
1198,0.8,-0.43,-0.24,nan,0.0,0.0
1199,0.8,-0.43,-0.24,nan,0.0,0.0
1200,0.8,-0.43,-0.24,nan,0.0,0.0
1201,0.8,-0.43,-0.24,nan,0.0,0.0
1202,0.8,-0.43,-0.24,nan,0.0,0.0
1203,0.8,-0.43,-0.24,nan,0.0,0.0
1204,0.76,-0.55,-0.08,nan,0.0,0.0
1205,0.76,-0.55,-0.08,nan,0.0,0.0
1206,0.76,-0.55,-0.08,nan,0.0,0.0
1207,0.76,-0.55,-0.08,nan,0.0,0.0
1208,0.76,-0.55,-0.08,nan,0.0,0.0
1209,0.76,-0.55,-0.08,nan,0.0,0.0
1210,0.76,-0.55,-0.08,nan,0.0,0.0
1211,0.76,-0.39,-0.26,nan,0.0,0.0
1212,0.76,-0.39,-0.26,nan,0.0,0.0
1213,0.76,-0.39,-0.26,nan,0.0,0.0
1214,0.76,-0.39,-0.26,nan,0.0,0.0
1215,0.76,-0.39,-0.26,nan,0.0,0.0
1216,0.76,-0.39,-0.26,nan,0.0,0.0
1217,0.76,-0.39,-0.26,15.6312,-7.284963333,112.788713333
1218,0.91,-0.6,-0.47,15.6312,-7.284963333,112.788713333
1219,0.72,-0.34,-0.41,15.6312,-7.284963333,112.788713333
1220,0.74,-0.35,-0.33,16.1676,-7.284995,112.788688333
1221,0.82,-0.62,-0.4,16.1676,-7.284995,112.788688333
1222,0.8,-0.52,-0.38,15.0012,-7.285026667,112.788663333
1223,0.94,-0.41,-0.4,15.0012,-7.285026667,112.788663333
1224,0.87,-0.46,-0.46,13.9824,-7.285051667,112.788638333
1225,0.78,-0.47,-0.41,13.9824,-7.285051667,112.788638333
1226,0.66,-0.48,-0.32,13.1112,-7.28507,112.78861
1227,0.85,-0.6,-0.47,13.1112,-7.28507,112.78861
1228,0.76,-0.37,-0.29,13.0392,-7.285078333,112.788578333
1229,0.88,-0.6,-0.44,13.0392,-7.285078333,112.788578333
1230,0.77,-0.41,-0.4,13.5936,-7.285076667,112.788543333
1231,0.85,-0.42,-0.28,14.6304,-7.28506,112.788511667
1232,0.8,-0.61,-0.38,14.6304,-7.28506,112.788511667
1233,1.06,-0.48,-0.45,15.0372,-7.28503,112.78849
1234,1.02,-0.81,-0.5,15.0372,-7.28503,112.78849
1235,0.61,0.08,-0.54,15.0372,-7.28503,112.78849
1236,0.89,-0.59,-0.21,15.1308,-7.284993333,112.788481667
1237,0.95,-0.42,-0.59,15.1308,-7.284993333,112.788481667
1238,0.78,-0.31,-0.39,15.8724,-7.284955,112.78849
1239,0.63,-0.29,-0.14,15.8724,-7.284955,112.78849
1240,0.84,-0.28,-0.56,16.65,-7.284918333,112.788513333
1241,0.94,-0.43,-0.55,16.65,-7.284918333,112.788513333
1242,0.77,-0.4,-0.33,16.704,-7.28489,112.788545
1243,0.82,-0.48,-0.34,16.704,-7.28489,112.788545
1244,0.86,-0.54,-0.44,17.6508,-7.284866667,112.788581667
1245,0.84,-0.63,-0.42,17.6508,-7.284866667,112.788581667
1246,0.89,-0.41,-0.38,17.6508,-7.284866667,112.788581667
1247,0.83,-0.54,-0.23,17.6112,-7.284845,112.788621667
1248,0.9,-0.52,-0.65,17.6112,-7.284845,112.788621667
