0.01,0.01,0.99,13.9824,-7.592686667,112.101813333
0.01,0.0,1.0,13.41,-7.592698333,112.101848333
0.01,0.0,1.02,14.112,-7.59271,112.101881667
0.01,0.02,1.0,13.1868,-7.592718333,112.101913333
0.02,0.02,0.97,13.1868,-7.592718333,112.101913333
0.0,0.0,0.98,14.742,-7.59274,112.10198
0.03,0.0,1.06,15.4836,-7.59275,112.102015
0.02,0.04,1.01,15.336,-7.592758333,112.102053333
0.0,0.0,0.94,16.9272,-7.592768333,112.102096667
0.0,0.01,1.0,16.9272,-7.592768333,112.102096667
0.01,0.03,1.02,14.5944,-7.592783333,112.102176667
0.02,0.02,1.05,15.7248,-7.592791667,112.102218333
0.01,0.02,0.99,15.7968,-7.592798333,112.102258333
0.0,0.05,0.98,17.4096,-7.592806667,112.102301667
0.0,0.01,1.01,17.4096,-7.592806667,112.102301667
0.0,0.01,1.0,17.2404,-7.592825,112.10239
0.0,0.0,0.99,17.28,-7.59284,112.102435
0.0,0.02,1.02,18.1116,-7.592855,112.10248
0.01,0.04,1.01,16.7796,-7.592868333,112.102526667
0.0,0.03,0.99,16.7796,-7.592868333,112.102526667
0.01,0.03,0.98,17.0208,-7.592893333,112.102613333
0.02,0.03,1.02,17.892,-7.592908333,112.102658333
0.01,0.02,0.97,18.4104,-7.592925,112.10271
0.01,0.02,0.99,18.0216,-7.59294,112.102758333
0.0,0.0,0.99,18.0216,-7.59294,112.102758333
0.01,0.02,1.0,16.4268,-7.59297,112.102843333
0.03,0.01,0.89,17.37,-7.592983333,112.102886667
0.01,0.0,0.98,20.2068,-7.592996667,112.102935
0.01,0.01,1.0,21.2796,-7.59301,112.102986667
0.0,0.03,1.06,21.2796,-7.59301,112.102986667
0.02,0.03,0.99,18.4644,-7.59303,112.103073333
0.03,0.01,0.97,15.5016,-7.593038333,112.10311
0.0,0.02,0.99,13.6692,-7.593046667,112.10314
0.0,0.02,0.97,11.9808,-7.593055,112.103168333
0.0,0.01,0.96,11.9808,-7.593055,112.103168333
0.0,0.0,0.98,13.2984,-7.593073333,112.10323
0.0,0.0,1.0,14.058,-7.593083333,112.103261667
0.0,0.02,0.99,13.7052,-7.593091667,112.10329
0.01,0.0,0.96,14.058,-7.593101667,112.103323333
0.01,0.02,0.97,14.058,-7.593101667,112.103323333
0.02,0.02,1.0,15.0948,-7.593125,112.103388333
0.02,0.01,1.01,15.2064,-7.593136667,112.103423333
0.02,0.0,1.03,14.9076,-7.593148333,112.103456667
0.01,0.02,0.96,15.7608,-7.593161667,112.103491667
0.01,0.0,0.99,15.7608,-7.593161667,112.103491667
0.01,0.0,0.99,16.1676,-7.59319,112.103565
0.02,0.01,0.99,16.1856,-7.593205,112.103603333
0.01,0.02,1.01,17.1108,-7.59322,112.10365
0.02,0.0,0.96,17.8164,-7.59324,112.103703333
0.01,0.01,0.97,17.8164,-7.59324,112.103703333
0.0,0.0,0.97,17.8164,-7.593271667,112.10379
0.02,0.03,0.99,17.964,-7.593291667,112.103835
0.0,0.0,1.0,18.6696,-7.59331,112.103886667
0.01,0.01,1.01,18.54,-7.593326667,112.103931667
0.01,0.0,0.99,18.612,-7.593341667,112.103975
0.0,0.0,0.99,18.7416,-7.59336,112.104021667
0.0,0.0,1.0,18.7776,-7.593375,112.104063333
0.01,0.01,1.0,18.7776,-7.593391667,112.104106667
0.01,0.0,1.0,19.0944,-7.593406667,112.104151667
0.01,0.01,1.01,19.0944,-7.593406667,112.104151667
0.01,0.0,1.01,19.1304,-7.593425,112.104198333
0.01,0.0,1.0,20.3904,-7.593443333,112.104246667
0.0,0.01,0.97,23.0004,-7.593466667,112.104303333
0.02,0.01,1.0,22.3704,-7.59349,112.104355
0.01,0.0,0.99,22.41,-7.593513333,112.104405
0.02,0.0,1.0,22.0032,-7.593535,112.104461667
0.01,0.0,1.01,21.9816,-7.593555,112.104516667
0.02,0.0,0.99,22.7412,-7.593576667,112.104571667
0.01,0.0,1.0,23.5584,-7.593596667,112.104626667
0.01,0.0,1.0,24.6132,-7.593616667,112.104685
0.01,0.01,1.0,25.002,-7.593638333,112.104743333
0.0,0.0,0.99,24.948,-7.59366,112.104803333
0.0,0.01,1.01,25.0776,-7.593681667,112.104863333
0.01,0.02,1.02,24.7788,-7.593703333,112.104923333
0.0,0.01,1.02,25.3728,-7.593726667,112.104986667
0.01,0.01,0.98,25.8156,-7.593751667,112.105048333
0.0,0.0,0.98,26.1864,-7.593775,112.105111667
0.0,0.03,0.99,27.4284,-7.593803333,112.105181667
0.0,0.01,1.02,27.1116,-7.593858333,112.105326667
0.0,0.01,0.99,27.2052,-7.593886667,112.105403333
0.01,0.0,0.99,27.9468,-7.593911667,112.105473333
0.02,0.03,0.97,27.8172,-7.593935,112.105541667
0.0,0.0,1.01,27.7812,-7.593955,112.105608333
0.01,0.0,1.01,28.4652,-7.593978333,112.105675
0.0,0.02,1.01,28.0224,-7.594,112.105741667
0.0,0.0,0.97,28.4112,-7.594026667,112.10581
0.01,0.0,1.01,28.3896,-7.59405,112.105876667
0.0,0.01,1.01,28.3536,-7.594075,112.105941667
0.0,0.01,0.98,27.7236,-7.594096667,112.106006667
0.01,0.0,1.01,27.8352,-7.594118333,112.10607
0.01,0.01,0.99,27.3528,-7.594143333,112.106138333
0.01,0.01,0.99,27.4284,-7.594168333,112.106205
0.01,0.01,1.01,27.8532,-7.594195,112.106271667
0.01,0.01,1.0,26.6508,-7.59422,112.106338333
0.0,0.0,1.02,26.7048,-7.594243333,112.106401667
0.0,0.03,0.97,26.6688,-7.594263333,112.106465
0.0,0.02,1.01,26.1324,-7.594283333,112.10653
0.0,0.02,0.98,27.2988,-7.594306667,112.1066
0.0,0.0,0.97,27.2988,-7.594306667,112.1066
0.01,0.03,1.02,25.4844,-7.59433,112.106665
0.02,0.02,0.98,25.3548,-7.594378333,112.106785
0.0,0.02,0.97,25.3548,-7.594378333,112.106785
0.02,0.02,0.96,25.2972,-7.594423333,112.106908333
0.0,0.01,0.99,26.0748,-7.594445,112.10697
0.0,0.01,1.0,26.0748,-7.594445,112.10697
0.0,0.0,0.99,24.354,-7.59449,112.107095
0.0,0.0,0.99,24.354,-7.59449,112.107095
0.0,0.0,1.01,24.2244,-7.594511667,112.107153333
0.01,0.02,1.01,24.9084,-7.594535,112.107211667
0.01,0.0,0.99,23.8896,-7.594555,112.107268333
0.0,0.01,0.97,23.5188,-7.594565,112.10732
0.0,0.01,0.99,23.2596,-7.594613333,112.107426667
0.0,0.0,1.0,23.2596,-7.594613333,112.107426667
0.01,0.02,0.99,23.058,-7.594665,112.107533333
0.01,0.0,0.98,23.058,-7.594665,112.107533333
0.02,0.02,1.01,24.2424,-7.594711667,112.107646667
0.01,0.0,1.0,23.76,-7.594735,112.107703333
0.01,0.01,1.01,22.9464,-7.594758333,112.107758333
0.0,0.02,0.99,23.058,-7.59478,112.107813333
0.0,0.01,0.99,23.058,-7.59478,112.107813333
0.0,0.0,1.01,22.1112,-7.594825,112.107923333
0.0,0.01,1.01,21.744,-7.594846667,112.10798
0.01,0.01,1.0,21.834,-7.594868333,112.108036667
0.0,0.0,1.01,21.7224,-7.59489,112.108091667
0.01,0.03,0.99,21.7224,-7.59489,112.108091667
0.01,0.0,0.98,22.428,-7.594926667,112.108208333
0.0,0.01,1.01,21.9456,-7.594946667,112.108261667
0.0,0.01,1.0,22.0032,-7.594966667,112.108316667
0.02,0.0,1.01,22.5756,-7.594986667,112.108371667
0.0,0.01,1.0,22.5756,-7.594986667,112.108371667
0.01,0.0,0.99,21.9816,-7.59502,112.108473333
0.0,0.0,1.03,22.2984,-7.595038333,112.108523333
0.02,0.02,0.98,21.204,-7.595058333,112.108571667
0.0,0.0,1.0,19.5012,-7.595076667,112.108618333
0.02,0.0,0.99,19.5012,-7.595076667,112.108618333
0.0,0.02,0.99,15.444,-7.595108333,112.10869
0.0,0.01,1.01,14.3892,-7.595121667,112.108721667
0.01,0.02,0.98,15.984,-7.595136667,112.108755
0.01,0.0,0.97,18.0936,-7.595145,112.108788333
0.01,0.01,1.0,18.0936,-7.595145,112.108788333
0.0,0.02,0.99,17.0208,-7.59517,112.10886
0.0,0.0,1.0,18.4284,-7.595178333,112.1089
0.0,0.01,0.99,18.2988,-7.595196667,112.108943333
0.0,0.02,1.01,17.8344,-7.595215,112.108986667
0.01,0.01,1.01,17.8344,-7.595215,112.108986667
0.01,0.0,1.01,16.9632,-7.595241667,112.109066667
0.01,0.0,1.0,16.8732,-7.595258333,112.109108333
0.0,0.01,0.99,17.4276,-7.595276667,112.109146667
0.0,0.0,0.97,19.4076,-7.595293333,112.109195
0.0,0.01,1.01,19.4076,-7.595293333,112.109195
0.01,0.01,0.99,17.6508,-7.595323333,112.109276667
0.0,0.02,0.99,16.632,-7.59534,112.109316667
0.0,0.0,1.02,15.8904,-7.595355,112.109356667
0.01,0.01,0.99,16.002,-7.595375,112.1094
0.01,0.0,0.99,16.002,-7.595375,112.1094
0.0,0.0,0.96,17.7804,-7.595425,112.109511667
0.01,0.0,0.99,17.7804,-7.59545,112.109563333
0.01,0.01,1.01,15.4836,-7.59547,112.109603333
0.0,0.0,1.0,13.0572,-7.595483333,112.109636667
0.01,0.01,1.05,13.0572,-7.595483333,112.109636667
0.01,0.02,1.02,15.9264,-7.595525,112.10974
0.0,0.01,0.99,18.7596,-7.595546667,112.109805
0.0,0.0,1.01,17.1684,-7.595563333,112.109851667
0.02,0.01,1.0,15.2964,-7.595576667,112.109893333
0.03,0.01,1.01,15.2964,-7.595576667,112.109893333
0.0,0.01,0.97,21.6864,-7.595623333,112.11003
0.0,0.02,0.99,21.168,-7.59564,112.110086667
0.01,0.0,0.95,22.0392,-7.595668333,112.110175
0.01,0.0,0.98,23.1516,-7.59569,112.110238333
0.02,0.03,1.03,23.1516,-7.59569,112.110238333
0.01,0.03,1.05,24.5772,-7.595738333,112.110393333
0.02,0.04,1.0,24.6312,-7.595775,112.110503333
0.01,0.0,1.02,24.1884,-7.595801667,112.110575
0.0,0.02,0.98,24.6132,-7.595825,112.110641667
0.0,0.02,1.03,24.6132,-7.595825,112.110641667
0.01,0.03,0.99,24.948,-7.595865,112.110765
0.01,0.03,1.0,26.0964,-7.595883333,112.110831667
0.01,0.03,1.02,26.0964,-7.595905,112.1109
0.02,0.05,1.01,25.596,-7.595925,112.110971667
0.02,0.05,1.0,25.2432,-7.595941667,112.111036667
0.02,0.06,1.0,25.2612,-7.595958333,112.111108333
0.02,0.06,1.0,25.1316,-7.595968333,112.111175
0.02,0.07,0.99,25.056,-7.59598,112.111238333
0.01,0.07,1.01,25.056,-7.59599,112.111303333
0.02,0.08,1.04,25.5564,-7.596001667,112.111368333
0.0,0.07,0.99,26.28,-7.596015,112.111436667
0.02,0.05,1.02,25.2432,-7.596026667,112.1115
0.02,0.07,0.99,25.1136,-7.596036667,112.111565
0.02,0.07,1.03,25.1316,-7.596045,112.11163
0.02,0.06,0.99,25.0956,-7.596048333,112.111693333
0.01,0.07,0.98,25.5384,-7.59605,112.111756667
0.03,0.07,0.98,26.298,-7.596051667,112.111823333
0.01,0.05,1.01,27.4464,-7.596055,112.11189
0.01,0.05,1.01,28.5588,-7.596056667,112.111958333
0.02,0.05,1.01,26.5212,-7.596056667,112.112028333
0.02,0.07,0.99,26.4852,-7.596055,112.112098333
0.01,0.06,0.98,26.6148,-7.596053333,112.112165
0.02,0.07,0.98,26.28,-7.59605,112.112231667
0.02,0.07,0.98,26.1864,-7.596046667,112.112298333
0.02,0.07,0.99,25.8732,-7.596041667,112.112363333
0.02,0.07,0.97,25.7976,-7.596035,112.112426667
0.02,0.08,1.03,25.7976,-7.596026667,112.11249
0.02,0.07,0.98,25.8732,-7.596011667,112.112558333
0.02,0.05,1.02,24.9084,-7.596,112.112618333
0.02,0.07,1.03,24.318,-7.59599,112.112676667
0.02,0.03,0.99,23.742,-7.595978333,112.112731667
0.01,0.05,0.99,22.5756,-7.595966667,112.112785
0.0,0.05,0.97,21.3912,-7.595955,112.112835
0.01,0.03,1.02,22.5936,-7.595941667,112.11289
0.0,0.04,0.97,24.8184,-7.59593,112.112956667
0.01,0.02,0.98,25.9092,-7.595915,112.113021667
0.01,0.01,1.01,26.7228,-7.5959,112.113091667
0.0,0.01,1.0,26.6868,-7.595885,112.11316
0.01,0.01,1.01,25.704,-7.595868333,112.113226667
0.01,0.01,0.99,25.704,-7.595855,112.113293333
0.0,0.01,1.01,26.1144,-7.595841667,112.113363333
0.0,0.0,1.0,26.7804,-7.595828333,112.113433333
0.01,0.01,1.03,26.334,-7.595813333,112.1135
0.02,0.02,1.01,26.334,-7.595796667,112.113565
0.0,0.01,0.99,25.9848,-7.595781667,112.11363
0.0,0.0,0.99,26.0568,-7.595768333,112.113695
0.0,0.0,1.01,26.1144,-7.595755,112.113761667
0.0,0.01,0.98,26.982,-7.595745,112.113833333
0.01,0.02,1.0,28.9476,-7.595736667,112.113918333
0.0,0.0,0.98,27.9828,-7.595725,112.11399
0.0,0.0,1.0,28.7064,-7.595713333,112.114061667
0.01,0.01,1.02,28.7424,-7.595703333,112.114131667
0.01,0.0,0.97,28.6128,-7.595686667,112.114196667
0.01,0.0,1.01,29.3004,-7.595675,112.114271667
0.0,0.0,1.01,29.6892,-7.595661667,112.114348333
0.0,0.01,0.98,29.7432,-7.595646667,112.114425
0.0,0.01,1.01,31.1508,-7.595635,112.114508333
0.0,0.01,0.99,31.2444,-7.59562,112.114586667
0.0,0.0,0.99,32.058,-7.595605,112.114676667
0.0,0.0,1.03,32.9652,-7.595586667,112.114771667
0.01,0.0,0.99,33.5412,-7.595568333,112.114858333
0.02,0.01,1.01,34.0956,-7.59555,112.114941667
0.01,0.0,1.01,34.4088,-7.595526667,112.115025
0.0,0.0,0.96,35.5032,-7.595508333,112.115113333
0.03,0.0,1.01,36.486,-7.595488333,112.115203333
0.02,0.0,1.03,36.9648,-7.59547,112.115296667
0.0,0.01,0.96,37.5228,-7.595453333,112.115393333
0.01,0.0,1.02,38.5596,-7.595435,112.11549
0.01,0.02,0.99,39.6324,-7.595415,112.11559
0.02,0.01,1.0,41.2272,-7.595393333,112.115693333
0.0,0.01,0.99,40.374,-7.595373333,112.115796667
0.02,0.0,0.97,41.3352,-7.595355,112.115901667
0.01,0.0,0.99,42.3936,-7.595333333,112.116006667
0.02,0.0,1.0,43.0956,-7.595311667,112.116116667
0.01,0.0,0.99,44.0784,-7.595291667,112.116228333
0.02,0.0,1.01,44.6904,-7.595273333,112.116341667
0.0,0.0,0.99,44.9856,-7.595255,112.116455
0.01,0.0,0.98,46.0584,-7.595235,112.116571667
0.01,0.0,0.98,46.4868,-7.595216667,112.116693333
0.02,0.0,1.01,47.2824,-7.595198333,112.116813333
0.0,0.0,1.01,47.6892,-7.595175,112.116931667
0.0,0.0,1.02,47.7648,-7.595151667,112.11705
0.0,0.01,1.01,49.338,-7.59513,112.11718
0.01,0.0,0.98,50.4684,-7.59511,112.11731
0.0,0.0,1.01,50.5044,-7.595086667,112.11744
0.0,0.01,1.01,50.7816,-7.595061667,112.117568333
0.01,0.01,0.99,51.264,-7.595028333,112.117696667
0.01,0.0,1.0,51.6528,-7.594993333,112.117823333
0.01,0.01,1.01,51.7824,-7.594963333,112.117951667
0.01,0.01,0.99,52.9308,-7.594936667,112.118081667
0.02,0.0,1.0,54.0612,-7.59491,112.118211667
0.0,0.01,0.99,54.6336,-7.594883333,112.118346667
0.02,0.01,1.01,55.4472,-7.594856667,112.118481667
0.02,0.02,1.01,55.152,-7.594831667,112.11862
0.0,0.0,0.92,55.152,-7.594815,112.11876
0.02,0.01,1.01,56.6892,-7.594788333,112.118898333
0.02,0.02,1.03,57.042,-7.594761667,112.119041667
0.0,0.0,0.95,57.69,-7.594733333,112.119185
0.03,0.04,0.95,57.744,-7.594705,112.119328333
0.0,0.05,0.99,57.7836,-7.594676667,112.119473333
0.01,0.03,0.99,58.4856,-7.594648333,112.119618333
0.0,0.03,1.01,59.04,-7.594621667,112.119766667
0.0,0.08,1.03,58.8204,-7.594598333,112.119911667
0.03,0.07,1.01,58.8744,-7.594581667,112.120056667
0.02,0.03,0.91,59.0796,-7.594568333,112.120208333
0.01,0.02,0.98,59.8752,-7.594551667,112.120358333
0.01,0.01,0.95,59.616,-7.59454,112.120511667
0.01,0.01,1.03,59.8752,-7.594528333,112.120665
0.02,0.0,0.98,62.4312,-7.594518333,112.120821667
0.01,0.01,1.01,62.1144,-7.59451,112.120978333
0.01,0.02,0.99,62.244,-7.594501667,112.121136667
0.02,0.01,1.03,64.4688,-7.594491667,112.121296667
0.0,0.01,0.99,65.2464,-7.594481667,112.12146
0.02,0.01,1.05,65.376,-7.594471667,112.121621667
0.01,0.02,1.02,65.8008,-7.59446,112.121781667
0.04,0.0,1.0,65.9304,-7.59445,112.121948333
0.02,0.04,0.97,66.3948,-7.59444,112.122118333
0.02,0.02,1.06,66.2292,-7.594431667,112.122288333
0.02,0.06,0.93,67.0788,-7.594423333,112.122463333
0.03,0.02,0.96,66.9672,-7.594415,112.122641667
0.03,0.03,0.96,67.1904,-7.594405,112.122818333
0.0,0.02,1.02,68.8032,-7.594395,112.122991667
0.0,0.01,1.0,68.3208,-7.594383333,112.12317
0.02,0.03,0.97,70.8012,-7.594371667,112.123351667
0.01,0.03,0.91,71.3196,-7.594361667,112.123535
0.01,0.03,0.97,71.766,-7.594348333,112.12372
0.0,0.01,0.97,72.2268,-7.594338333,112.123908333
0.0,0.01,1.03,75.1536,-7.594326667,112.124091667
0.0,0.03,0.98,75.7656,-7.594315,112.12428
0.01,0.03,0.97,73.5984,-7.594301667,112.124473333
0.04,0.05,1.01,75.1896,-7.594291667,112.124668333
0.01,0.02,0.93,75.4128,-7.59428,112.12486
0.01,0.0,1.0,75.4128,-7.594268333,112.125051667
0.01,0.01,1.0,74.7648,-7.594258333,112.125243333
0.0,0.01,0.98,77.0256,-7.594246667,112.125438333
0.03,0.03,1.0,78.228,-7.594235,112.125638333
0.02,0.02,0.99,78.246,-7.594221667,112.125838333
0.0,0.0,1.05,78.7284,-7.59421,112.126041667
0.01,0.03,0.96,78.84,-7.594196667,112.126245
0.01,0.0,0.95,80.0424,-7.594185,112.126448333
0.01,0.0,0.95,81.2484,-7.594173333,112.126653333
0.0,0.0,1.03,83.2464,-7.594161667,112.12686
0.03,0.01,0.99,81.6552,-7.594148333,112.127068333
0.02,0.01,1.01,81.1548,-7.594135,112.127276667
0.02,0.02,0.91,81.6732,-7.594123333,112.12749
0.02,0.0,0.99,80.8596,-7.59411,112.127696667
0.02,0.02,1.01,81.1368,-7.594098333,112.127906667
0.02,0.01,1.01,82.08,-7.594085,112.128115
0.02,0.02,0.98,84.0996,-7.594073333,112.128326667
0.0,0.01,1.02,84.1932,-7.59406,112.12854
0.0,0.0,1.04,83.5452,-7.594046667,112.128755
0.02,0.02,0.95,84.0996,-7.594033333,112.128968333
0.02,0.01,1.03,85.5432,-7.594021667,112.129185
0.02,0.02,0.95,85.5072,-7.594008333,112.129403333
0.02,0.0,1.02,85.4712,-7.593995,112.12962
0.01,0.0,0.98,86.544,-7.593981667,112.129836667
0.01,0.01,0.97,86.49,-7.593965,112.130058333
0.0,0.02,0.99,85.95,-7.593948333,112.13028
0.0,0.01,1.01,85.5252,-7.593933333,112.130496667
0.01,0.02,0.97,85.5432,-7.593918333,112.130713333
0.01,0.01,1.0,85.6368,-7.593905,112.130933333
0.0,0.01,1.01,85.4496,-7.593888333,112.131153333
0.0,0.0,0.97,85.4316,-7.593876667,112.131373333
0.01,0.01,0.94,85.5252,-7.593868333,112.131595
0.0,0.03,0.99,86.6556,-7.593856667,112.131816667
0.0,0.02,0.95,86.526,-7.593845,112.132036667
0.01,0.02,0.96,86.4684,-7.593833333,112.132256667
0.01,0.02,1.01,85.6188,-7.59382,112.132475
0.0,0.02,1.0,86.526,-7.593806667,112.132693333
0.03,0.03,0.96,86.3028,-7.593795,112.132911667
0.01,0.04,0.99,85.932,-7.593781667,112.133131667
0.0,0.03,1.0,86.544,-7.593768333,112.133348333
0.02,0.0,0.98,85.7088,-7.593755,112.133561667
0.01,0.05,1.04,87.156,-7.593746667,112.13378
0.02,0.03,1.06,86.4504,-7.593731667,112.133995
0.01,0.0,1.18,86.4684,-7.593716667,112.134208333
0.0,0.0,1.02,84.6,-7.593705,112.134421667
0.0,0.0,0.99,84.7296,-7.593691667,112.134635
0.01,0.01,0.98,84.7476,-7.59368,112.134848333
0.02,0.01,0.99,85.1544,-7.593666667,112.135061667
0.02,0.02,0.97,84.7836,-7.593653333,112.135275
0.02,0.01,0.96,84.2472,-7.593641667,112.135485
0.01,0.01,1.02,84.582,-7.593628333,112.135698333
0.02,0.01,0.95,85.0068,-7.593613333,112.135911667
0.01,0.02,1.03,84.9528,-7.593598333,112.136125
0.01,0.02,0.99,84.7476,-7.593581667,112.136335
0.0,0.0,1.03,84.7836,-7.593558333,112.136535
0.03,0.0,1.01,84.7836,-7.593533333,112.136741667
0.01,0.02,1.03,84.636,-7.593503333,112.136951667
0.01,0.03,0.99,83.6748,-7.59347,112.137158333
0.0,0.0,1.01,84.042,-7.593433333,112.137365
0.02,0.0,1.1,83.8584,-7.593391667,112.137571667
0.02,0.02,1.04,83.6532,-7.593346667,112.137776667
0.02,0.01,0.95,83.0448,-7.593296667,112.13798
0.02,0.04,0.99,83.1744,-7.59324,112.138183333
0.02,0.01,1.04,82.746,-7.59318,112.138383333
0.03,0.02,0.96,81.2484,-7.593116667,112.13858
0.03,0.02,1.03,82.116,-7.593053333,112.138778333
0.02,0.02,0.98,82.5264,-7.592986667,112.138975
0.01,0.0,0.99,82.6164,-7.592915,112.139173333
0.0,0.03,1.01,82.4688,-7.59284,112.139371667
0.01,0.0,0.99,81.5616,-7.592768333,112.139566667
0.01,0.01,1.02,82.1376,-7.592696667,112.13976
0.0,0.0,1.0,81.6912,-7.592626667,112.139955
0.01,0.0,0.97,81.6552,-7.592555,112.140146667
0.0,0.01,0.99,81.6552,-7.592483333,112.14034
0.03,0.03,0.97,81.5616,-7.592408333,112.14053
0.02,0.0,0.98,81.468,-7.592338333,112.140721667
0.0,0.0,1.04,81.3384,-7.59227,112.140915
0.01,0.01,1.04,81.2484,-7.592203333,112.14111
0.01,0.01,0.91,81.1908,-7.592135,112.141301667
0.01,0.01,1.0,81.1908,-7.592065,112.141493333
0.03,0.02,0.95,80.8956,-7.591995,112.141685
0.02,0.02,1.03,80.172,-7.591923333,112.141873333
0.17,0.05,1.01,80.5788,-7.59185,112.142063333
0.03,0.0,0.99,80.154,-7.591778333,112.142251667
0.0,0.03,1.03,80.73,-7.591708333,112.142441667
0.01,0.01,0.96,80.6004,-7.59164,112.142633333
0.05,0.02,0.99,80.6184,-7.591573333,112.142823333
0.0,0.02,1.0,79.6932,-7.591503333,112.143015
0.03,0.27,0.82,79.7112,-7.591433333,112.143201667
0.12,0.15,0.86,79.8228,-7.591361667,112.143391667
0.0,0.02,1.02,80.154,-7.591293333,112.143583333
0.01,0.01,1.01,80.1,-7.591226667,112.143775
0.02,0.01,1.0,80.5068,-7.591158333,112.143966667
0.01,0.01,0.98,80.3772,-7.591088333,112.144158333
0.01,0.05,0.95,80.4312,-7.59094,112.144523333
0.04,0.01,1.0,79.7832,-7.590866667,112.144711667
0.0,0.02,0.94,79.7832,-7.590866667,112.144711667
0.02,0.02,0.96,78.9516,-7.590721667,112.145081667
0.02,0.0,0.98,78.6168,-7.590648333,112.145266667
0.02,0.0,1.05,78.246,-7.590576667,112.145451667
0.01,0.03,0.98,78.1344,-7.590506667,112.145635
0.02,0.04,0.91,78.1344,-7.590506667,112.145635
0.0,0.01,1.01,78.1164,-7.590365,112.146001667
0.02,0.0,0.97,78.228,-7.590293333,112.146186667
0.0,0.02,0.99,78.0444,-7.590223333,112.14637
0.03,0.0,0.96,78.21,-7.590156667,112.146555
0.0,0.03,0.99,78.21,-7.590156667,112.146555
0.01,0.02,0.95,79.5816,-7.590023333,112.146933333
0.02,0.01,0.98,78.9516,-7.589956667,112.147128333
0.0,0.0,1.03,81.5076,-7.589888333,112.147321667
0.0,0.02,0.99,79.5636,-7.589818333,112.147513333
0.0,0.02,0.98,79.5636,-7.589818333,112.147513333
0.0,0.02,0.98,79.0236,-7.589681667,112.147885
0.03,0.01,1.05,79.0632,-7.589613333,112.148073333
0.0,0.01,1.05,78.9696,-7.589545,112.148258333
0.01,0.03,0.99,79.0812,-7.589475,112.148446667
0.01,0.01,0.97,79.0812,-7.589475,112.148446667
0.01,0.01,0.97,80.19,-7.589406667,112.148636667
0.01,0.0,1.02,80.5248,-7.589336667,112.148826667
0.01,0.01,0.96,81.2484,-7.589265,112.149016667
0.03,0.02,1.03,80.2116,-7.589196667,112.149206667
0.0,0.0,1.03,79.8948,-7.58913,112.149393333
0.0,0.02,1.0,79.5996,-7.589061667,112.149581667
0.05,0.02,1.0,79.7652,-7.588993333,112.149766667
0.01,0.02,0.99,79.47,-7.588925,112.149951667
0.02,0.05,0.99,79.1928,-7.588856667,112.150135
0.02,0.01,0.93,77.7456,-7.588788333,112.15032
0.04,0.02,1.01,77.2092,-7.588721667,112.150501667
0.06,0.02,1.01,76.32,-7.588656667,112.150683333
0.03,0.02,1.02,75.7656,-7.588591667,112.150863333
0.05,0.01,0.92,76.338,-7.58846,112.15122
0.05,0.04,1.08,75.8592,-7.588395,112.1514
0.02,0.04,0.98,76.1544,-7.588331667,112.15158
0.03,0.01,1.04,74.0808,-7.58827,112.151756667
0.0,0.01,1.01,74.1708,-7.588206667,112.15193
0.03,0.03,1.0,73.8756,-7.588143333,112.152101667
0.07,0.0,0.96,72.1368,-7.588086667,112.152273333
0.03,0.01,0.97,71.2476,-7.588028333,112.152441667
0.02,0.02,1.04,69.876,-7.587966667,112.152605
0.04,0.02,1.01,69.9696,-7.587905,112.15277
0.02,0.02,0.99,69.4116,-7.587845,112.152935
0.02,0.02,0.95,69.1704,-7.587783333,112.153096667
0.02,0.04,1.03,68.8032,-7.587723333,112.153258333
0.0,0.02,1.02,67.4316,-7.587661667,112.153416667
0.0,0.02,0.94,68.1552,-7.587601667,112.153576667
0.01,0.02,0.98,68.0256,-7.587543333,112.153736667
0.0,0.01,1.0,67.896,-7.587483333,112.153895
0.0,0.0,1.04,68.3748,-7.587426667,112.154056667
0.01,0.02,0.95,68.2272,-7.587366667,112.154216667
0.02,0.02,0.98,68.2632,-7.587308333,112.154378333
0.01,0.02,0.99,68.3388,-7.587248333,112.15454
0.0,0.01,0.99,67.374,-7.587188333,112.154698333
0.02,0.0,1.01,67.356,-7.587133333,112.154856667
0.02,0.07,0.94,67.3956,-7.587075,112.155013333
0.01,0.0,1.01,67.284,-7.587016667,112.155171667
0.02,0.02,1.0,67.284,-7.587016667,112.155171667
0.01,0.03,1.01,67.284,-7.586958333,112.155328333
0.0,0.02,0.99,65.6892,-7.586901667,112.155485
0.01,0.03,1.01,65.9124,-7.586791667,112.155791667
0.01,0.02,1.0,65.9124,-7.586791667,112.155791667
0.03,0.02,0.98,65.5992,-7.586735,112.155946667
0.0,0.02,0.96,65.358,-7.58668,112.156098333
0.0,0.01,0.99,65.1708,-7.58657,112.1564
0.0,0.02,1.08,63.468,-7.586513333,112.15655
0.02,0.02,1.01,62.6364,-7.586458333,112.156698333
0.04,0.03,1.02,61.506,-7.586405,112.156843333
0.04,0.01,0.96,61.506,-7.586405,112.156843333
0.01,0.03,1.07,59.3568,-7.5863,112.157128333
0.03,0.02,1.02,58.7088,-7.58625,112.157268333
0.02,0.0,0.97,58.0788,-7.5862,112.157406667
0.0,0.01,1.01,57.9312,-7.586148333,112.157545
0.02,0.0,1.03,57.9312,-7.586148333,112.157545
0.01,0.01,1.0,57.06,-7.586051667,112.157816667
0.02,0.01,1.04,56.8548,-7.586003333,112.157951667
0.0,0.01,1.0,56.6172,-7.585956667,112.158085
0.01,0.0,1.03,54.7992,-7.585908333,112.158215
0.02,0.01,0.97,54.7992,-7.585908333,112.158215
0.01,0.02,0.96,55.4112,-7.585813333,112.158478333
0.0,0.0,0.97,54.9684,-7.585765,112.158608333
0.02,0.01,1.02,55.0584,-7.585716667,112.158738333
0.02,0.0,1.02,55.152,-7.58567,112.15887
0.01,0.0,1.0,55.152,-7.58567,112.15887
0.01,0.01,0.99,54.504,-7.585578333,112.159128333
0.0,0.02,1.01,53.9496,-7.585531667,112.159258333
0.0,0.01,1.01,53.0424,-7.585485,112.159386667
0.02,0.01,1.03,53.3196,-7.585438333,112.159513333
0.0,0.0,0.97,53.3196,-7.585438333,112.159513333
0.02,0.0,0.98,52.2828,-7.585346667,112.159761667
0.0,0.0,0.97,52.3548,-7.585301667,112.159885
0.01,0.04,1.0,52.0056,-7.585255,112.160008333
0.0,0.0,0.97,52.0416,-7.585206667,112.16013
0.01,0.0,0.99,52.0416,-7.585206667,112.16013
0.02,0.02,0.98,50.67,-7.585111667,112.160373333
0.03,0.02,0.98,49.5216,-7.585068333,112.160491667
0.01,0.02,1.01,48.042,-7.585026667,112.160606667
0.0,0.03,1.0,47.2644,-7.584981667,112.160715
0.03,0.02,0.97,47.2644,-7.584981667,112.160715
0.0,0.03,0.99,45.9288,-7.584901667,112.16094
0.02,0.02,0.98,44.928,-7.584861667,112.161045
0.02,0.02,1.01,43.3908,-7.584821667,112.161148333
0.02,0.0,1.02,43.3188,-7.584783333,112.16125
0.02,0.0,0.99,43.3188,-7.584783333,112.16125
0.01,0.02,1.0,41.2632,-7.584706667,112.161445
0.02,0.02,1.0,40.4856,-7.58467,112.16154
0.02,0.0,1.01,40.5036,-7.584633333,112.161635
0.02,0.0,0.98,39.744,-7.584598333,112.16173
0.01,0.0,1.01,39.744,-7.584598333,112.16173
0.0,0.0,0.99,39.15,-7.584528333,112.161915
0.01,0.0,1.01,39.168,-7.584491667,112.162008333
0.01,0.01,0.99,38.448,-7.584456667,112.162098333
0.01,0.02,0.95,38.484,-7.584423333,112.16219
0.0,0.0,1.05,38.484,-7.584423333,112.16219
0.0,0.01,0.98,38.0772,-7.584355,112.162371667
0.02,0.0,0.99,37.4832,-7.584323333,112.16246
0.01,0.0,0.99,36.558,-7.584293333,112.162546667
0.01,0.01,1.02,37.206,-7.58426,112.162635
0.03,0.01,0.99,37.206,-7.58426,112.162635
0.0,0.01,0.99,37.3932,-7.5842,112.162808333
0.0,0.01,0.97,37.854,-7.584166667,112.162898333
0.0,0.02,1.0,35.4456,-7.584138333,112.162981667
0.02,0.0,1.0,35.5392,-7.584108333,112.163063333
0.01,0.02,0.99,35.5392,-7.584108333,112.163063333
0.0,0.01,1.01,36.6876,-7.584046667,112.163235
0.0,0.01,0.99,37.188,-7.584011667,112.16333
0.01,0.01,0.99,37.8,-7.583976667,112.163428333
0.01,0.0,0.99,37.2816,-7.583941667,112.163521667
0.02,0.01,1.02,37.2816,-7.583941667,112.163521667
0.0,0.0,0.95,36.4284,-7.583875,112.163701667
0.0,0.01,1.02,35.28,-7.583841667,112.163786667
0.01,0.0,0.98,33.4296,-7.583815,112.163866667
0.0,0.0,1.0,31.6872,-7.583791667,112.163943333
0.0,0.01,0.99,31.6872,-7.583791667,112.163943333
0.05,0.0,0.96,33.372,-7.583736667,112.164095
0.02,0.0,1.01,33.0228,-7.583705,112.164173333
0.03,0.0,0.96,31.8348,-7.583671667,112.16425
0.03,0.02,0.99,31.3344,-7.583641667,112.164328333
0.0,0.04,1.04,31.3344,-7.583641667,112.164328333
0.02,0.03,0.99,30.114,-7.583583333,112.164481667
0.03,0.01,1.02,30.0024,-7.58356,112.164556667
0.0,0.02,1.01,27.9468,-7.583533333,112.164645
0.02,0.02,1.0,26.226,-7.583506667,112.164721667
0.02,0.03,1.0,26.226,-7.583506667,112.164721667
0.0,0.01,0.99,24.2244,-7.583461667,112.164843333
0.03,0.02,0.99,23.2416,-7.583438333,112.164901667
0.01,0.01,0.99,22.1868,-7.583415,112.164955
0.02,0.0,0.98,20.4264,-7.583395,112.165005
0.0,0.0,0.97,20.3148,-7.583376667,112.165053333
0.01,0.01,0.96,20.2968,-7.583356667,112.1651
0.01,0.01,0.99,18.8352,-7.583338333,112.165146667
0.03,0.01,1.01,18.3168,-7.58332,112.165188333
0.02,0.0,1.01,18.612,-7.583303333,112.165231667
0.01,0.0,0.97,19.242,-7.58329,112.165276667
0.0,0.0,0.99,18.8172,-7.583276667,112.165321667
0.02,0.02,1.04,19.1664,-7.583263333,112.16537
0.0,0.0,1.02,19.0584,-7.58325,112.165415
0.0,0.01,1.01,18.2052,-7.583238333,112.165458333
0.02,0.0,1.01,18.0756,-7.583225,112.165501667
0.0,0.02,0.99,18.8172,-7.583211667,112.165546667
0.02,0.02,0.96,18.7416,-7.583198333,112.165591667
0.04,0.0,0.98,18.648,-7.583185,112.165635
0.0,0.01,0.97,18.576,-7.583168333,112.165676667
0.01,0.03,1.05,18.2592,-7.58315,112.165718333
0.03,0.0,1.01,18.7236,-7.583133333,112.16576
0.02,0.0,0.99,19.0368,-7.583111667,112.165805
0.03,0.02,1.01,18.9288,-7.583096667,112.165853333
0.02,0.03,0.99,18.2412,-7.58308,112.165896667
0.03,0.02,1.0,18.2988,-7.583065,112.165941667
0.0,0.01,1.0,18.7056,-7.583051667,112.16599
0.01,0.01,0.98,18.1872,-7.583035,112.166038333
0.0,0.01,0.99,19.1124,-7.58302,112.16609
0.03,0.01,1.02,19.0188,-7.583003333,112.16614
0.01,0.01,1.0,19.0944,-7.582986667,112.16619
0.04,0.0,1.02,19.1304,-7.582968333,112.166236667
0.01,0.0,0.99,19.278,-7.582953333,112.166283333
0.03,0.0,0.98,19.6308,-7.582935,112.16633
0.0,0.0,0.99,19.3176,-7.58292,112.166376667
0.03,0.02,1.05,18.7776,-7.582903333,112.166421667
0.03,0.01,0.99,19.5192,-7.582886667,112.166468333
0.02,0.0,0.98,19.0764,-7.582866667,112.166513333
0.0,0.02,0.98,17.5932,-7.582848333,112.166555
0.04,0.01,0.98,17.7048,-7.582833333,112.166598333
0.02,0.01,1.0,17.1324,-7.582818333,112.166638333
0.02,0.0,0.95,18.0756,-7.582801667,112.166681667
0.02,0.0,0.98,17.6508,-7.582786667,112.166723333
0.01,0.0,0.98,17.1324,-7.582768333,112.166763333
0.02,0.0,0.97,17.5392,-7.582751667,112.166805
0.03,0.03,1.03,17.0028,-7.582736667,112.166845
0.04,0.0,0.99,16.1496,-7.582723333,112.166881667
0.02,0.05,0.91,16.1316,-7.58271,112.16692
0.06,0.01,1.04,15.1308,-7.582698333,112.166956667
0.0,0.02,0.98,13.7988,-7.582686667,112.166991667
0.01,0.02,0.96,12.87,-7.582675,112.167021667
0.02,0.02,0.96,11.9448,-7.582663333,112.16705
0.0,0.02,0.99,10.6128,-7.582655,112.167075
0.02,0.01,0.98,10.0944,-7.58265,112.167098333
0.02,0.02,1.01,9.7056,-7.582643333,112.167118333
0.01,0.0,0.99,8.6688,-7.582636667,112.167138333
0.01,0.0,0.99,7.9812,-7.58263,112.167155
0.0,0.01,0.97,7.65,-7.582621667,112.167171667
0.0,0.01,1.0,7.056,-7.582616667,112.167188333
0.01,0.01,0.97,6.372,-7.582611667,112.167205
0.01,0.01,1.0,5.4252,-7.582606667,112.16722
0.02,0.01,1.0,4.446,-7.5826,112.167231667
0.01,0.01,0.99,3.4272,-7.582596667,112.167241667
0.01,0.01,0.99,2.8512,-7.582595,112.16725
0.01,0.02,0.99,2.0016,-7.582593333,112.167251667
0.01,0.01,0.99,1.332,-7.582591667,112.167251667
0.01,0.01,0.98,0.648,-7.582588333,112.167253333
0.01,0.01,0.99,0.4644,-7.582586667,112.167255
0.0,0.01,1.0,0.2412,-7.582585,112.167255
0.02,0.01,0.99,0.3132,-7.582585,112.167253333
0.0,0.01,0.99,0.4248,-7.582585,112.167253333
0.01,0.01,0.99,0.612,-7.582585,112.167251667
0.0,0.01,0.99,0.5544,-7.582583333,112.167251667
0.01,0.01,1.0,0.3348,-7.582583333,112.16725
0.01,0.01,0.99,0.4068,-7.582581667,112.16725
0.01,0.01,1.0,0.4824,-7.582581667,112.16725
0.01,0.01,1.0,0.9432,-7.582581667,112.167248333
0.01,0.01,0.98,0.9432,-7.58258,112.167246667
0.01,0.01,0.99,0.4824,-7.582578333,112.167245
0.01,0.02,0.99,0.1116,-7.582576667,112.167243333
0.01,0.01,0.99,0.054,-7.582576667,112.167243333
0.01,0.01,0.99,0.1296,-7.582576667,112.167243333
0.01,0.01,1.0,0.2052,-7.582576667,112.167243333
0.01,0.02,0.99,0.4824,-7.582576667,112.167243333
0.01,0.01,0.99,0.2412,-7.582578333,112.167243333
0.02,0.01,0.99,0.0936,-7.582578333,112.167241667
0.01,0.01,0.99,0.1656,-7.582578333,112.167241667
0.01,0.01,0.99,0.1116,-7.582578333,112.167241667
0.01,0.01,0.99,0.1116,-7.582578333,112.167241667
0.01,0.01,0.99,0.3348,-7.582578333,112.167241667
0.01,0.01,1.0,0.63,-7.582576667,112.167241667
0.01,0.02,0.99,0.5364,-7.582575,112.167241667
0.01,0.01,1.0,0.3528,-7.582575,112.16724
0.0,0.01,1.0,0.3132,-7.582573333,112.16724
0.01,0.02,0.99,0.3348,-7.582573333,112.167238333
0.01,0.01,1.0,0.4644,-7.582573333,112.167238333
0.0,0.01,0.99,0.5364,-7.582573333,112.167236667
0.01,0.01,0.98,0.4824,-7.582573333,112.167235
0.01,0.01,0.99,0.4428,-7.582573333,112.167235
0.01,0.02,0.99,0.2592,-7.582571667,112.167233333
0.01,0.01,0.99,0.2952,-7.582571667,112.167233333
0.01,0.01,0.99,0.0756,-7.582571667,112.167231667
0.01,0.01,0.99,0.3708,-7.582571667,112.167231667
0.01,0.01,1.0,0.4644,-7.582573333,112.167231667
0.0,0.01,0.99,0.3348,-7.582573333,112.16723
0.01,0.01,0.99,0.2952,-7.582573333,112.16723
0.01,0.01,0.99,0.2772,-7.582573333,112.167228333
0.01,0.0,0.99,0.2052,-7.582573333,112.167228333
0.01,0.01,0.99,0.2592,-7.582573333,112.167228333
0.01,0.01,0.99,0.1296,-7.582573333,112.167226667
0.01,0.0,1.0,0.054,-7.582573333,112.167226667
0.01,0.0,0.99,0.0936,-7.582573333,112.167226667
0.02,0.01,0.99,0.036,-7.582573333,112.167226667
0.0,0.01,0.99,0.0936,-7.582573333,112.167226667
0.01,0.01,0.99,0.2772,-7.582573333,112.167226667
0.02,0.01,0.99,0.1836,-7.582573333,112.167228333
0.0,0.01,0.99,0.2772,-7.582573333,112.167228333
0.01,0.01,0.99,0.5544,-7.582573333,112.167228333
0.01,0.01,0.99,0.5544,-7.582571667,112.167226667
0.01,0.01,0.99,0.4428,-7.582571667,112.167225
0.01,0.01,0.99,0.2952,-7.58257,112.167225
0.01,0.01,0.99,0.2592,-7.58257,112.167223333
0.01,0.01,0.99,0.0,-7.582571667,112.167223333
0.01,0.01,0.99,0.0,-7.582571667,112.167223333
0.02,0.01,0.99,0.0,-7.582571667,112.167223333
0.0,0.02,0.99,0.0,-7.582571667,112.167223333
0.01,0.01,0.99,0.0,-7.582571667,112.167223333
0.01,0.01,0.99,0.0,-7.582571667,112.167223333
0.02,0.0,0.99,0.0,-7.582571667,112.167223333
0.01,0.01,0.99,0.1656,-7.582571667,112.167223333
0.01,0.01,0.99,0.1476,-7.582571667,112.167225
0.01,0.01,0.99,0.1476,-7.582571667,112.167225
0.01,0.01,0.99,0.1116,-7.582571667,112.167225
0.01,0.0,0.99,0.1116,-7.582571667,112.167225
0.01,0.02,0.99,0.2052,-7.582571667,112.167225
0.01,0.0,0.99,0.3888,-7.582571667,112.167223333
0.01,0.01,0.99,0.2952,-7.582571667,112.167223333
0.01,0.01,1.0,0.2772,-7.582573333,112.167221667
0.0,0.01,0.99,0.2592,-7.582573333,112.167221667
0.0,0.01,0.99,0.0,-7.582573333,112.167221667
0.01,0.01,1.0,0.0,-7.582573333,112.167221667
0.01,0.02,0.99,0.1656,-7.582573333,112.167221667
0.02,0.01,0.99,0.3708,-7.582573333,112.16722
0.01,0.01,1.0,0.2232,-7.582573333,112.16722
0.01,0.01,0.99,0.2952,-7.582575,112.16722
0.0,0.01,0.99,0.3528,-7.582575,112.167221667
0.01,0.0,0.99,0.4644,-7.582576667,112.167221667
0.01,0.0,0.99,0.4068,-7.582576667,112.167221667
0.01,0.01,0.99,0.3132,-7.582578333,112.167221667
0.01,0.01,1.0,0.1296,-7.582578333,112.167223333
0.0,0.01,1.0,0.0936,-7.582578333,112.167223333
0.01,0.01,0.99,0.0756,-7.582578333,112.167223333
0.01,0.01,0.99,0.1116,-7.582578333,112.167223333
0.01,0.01,1.0,0.0936,-7.582578333,112.167223333
0.01,0.01,0.99,0.1656,-7.582578333,112.167223333
0.01,0.01,1.0,0.2052,-7.582578333,112.167223333
0.01,0.01,0.99,0.1656,-7.582578333,112.167223333
0.01,0.01,0.99,0.2412,-7.58258,112.167223333
0.01,0.02,0.99,0.3528,-7.582578333,112.167223333
0.01,0.01,1.0,0.2412,-7.582578333,112.167223333
0.01,0.01,0.99,0.3528,-7.582578333,112.167221667
0.02,0.01,0.99,0.4068,-7.582576667,112.167221667
0.01,0.01,0.99,0.2232,-7.582576667,112.167221667
0.01,0.01,1.0,0.2232,-7.582576667,112.167221667
0.02,0.01,0.99,0.1476,-7.582575,112.167221667
0.02,0.01,1.0,0.1656,-7.582575,112.16722
0.01,0.01,1.0,0.1836,-7.582575,112.16722
0.01,0.0,0.99,0.0,-7.582575,112.16722
0.01,0.01,0.99,0.0,-7.582575,112.16722
0.0,0.01,0.99,0.0,-7.582575,112.16722
0.02,0.01,0.99,0.0,-7.582575,112.16722
0.01,0.01,0.99,0.1116,-7.582575,112.16722
0.0,0.01,0.99,0.1476,-7.582575,112.16722
0.01,0.01,0.99,0.0756,-7.582576667,112.16722
0.01,0.02,0.99,0.054,-7.582576667,112.167218333
0.01,0.0,1.0,0.2052,-7.582576667,112.167218333
0.01,0.01,0.99,0.4248,-7.582576667,112.167218333
0.01,0.0,0.99,0.63,-7.582576667,112.167216667
0.01,0.02,0.99,0.612,-7.582578333,112.167216667
0.01,0.01,0.99,0.4644,-7.582578333,112.167215
0.01,0.01,0.99,0.2952,-7.582578333,112.167213333
0.01,0.01,0.99,0.1656,-7.58258,112.167213333
0.01,0.01,0.99,0.2772,-7.58258,112.167213333
0.01,0.01,0.99,0.3888,-7.582581667,112.167213333
0.01,0.01,0.99,0.3888,-7.582581667,112.167213333
0.01,0.01,0.99,1.0188,-7.58258,112.167213333
0.01,0.01,0.99,1.242,-7.582578333,112.167211667
0.01,0.01,0.99,1.242,-7.582575,112.16721
0.01,0.01,0.99,0.8532,-7.582573333,112.167208333
0.01,0.01,0.99,0.8532,-7.582573333,112.167208333
0.01,0.01,0.99,0.666,-7.58257,112.167206667
0.01,0.01,0.99,0.4068,-7.582568333,112.167206667
0.01,0.01,0.99,0.3528,-7.582566667,112.167206667
0.01,0.01,0.99,0.4068,-7.582566667,112.167205
0.01,0.01,1.0,0.4068,-7.582566667,112.167205
0.01,0.01,0.99,0.1656,-7.582565,112.167205
0.01,0.01,0.99,0.2052,-7.582563333,112.167206667
0.01,0.01,1.0,0.3132,-7.582563333,112.167206667
0.01,0.01,0.99,0.3132,-7.582563333,112.167206667
0.01,0.01,0.99,0.3132,-7.582563333,112.167206667
0.01,0.0,0.99,0.0756,-7.582561667,112.167205
0.0,0.01,0.98,0.1656,-7.582561667,112.167205
0.01,0.01,1.0,0.1656,-7.582561667,112.167205
0.01,0.01,0.99,0.1296,-7.582561667,112.167206667
0.01,0.02,0.99,0.63,-7.582561667,112.167206667
0.01,0.01,0.99,1.0728,-7.582563333,112.167206667
0.01,0.01,0.99,1.278,-7.582565,112.167208333
0.01,0.02,0.99,0.7776,-7.582568333,112.16721
0.01,0.01,0.99,0.7416,-7.58257,112.167211667
0.01,0.01,1.0,0.594,-7.582571667,112.167211667
0.01,0.01,0.99,0.3132,-7.582573333,112.167213333
0.01,0.01,0.99,0.0756,-7.582573333,112.167213333
0.01,0.01,0.99,0.0,-7.582573333,112.167213333
0.02,0.01,1.01,0.036,-7.582573333,112.167213333
0.01,0.01,1.0,0.2232,-7.582573333,112.167213333
0.01,0.0,1.0,0.1836,-7.582575,112.167213333
0.01,0.01,1.0,0.0756,-7.582575,112.167215
0.01,0.01,0.99,0.1656,-7.582575,112.167215
0.01,0.01,0.99,0.1476,-7.582575,112.167215
0.01,0.02,0.99,0.0936,-7.582575,112.167215
0.01,0.01,1.0,0.1476,-7.582575,112.167215
0.01,0.01,0.99,0.018,-7.582575,112.167213333
0.01,0.01,1.0,0.036,-7.582575,112.167215
0.01,0.01,0.99,0.018,-7.582575,112.167215
0.01,0.01,0.99,0.2052,-7.582575,112.167215
0.01,0.01,0.99,0.4428,-7.582575,112.167213333
0.01,0.01,0.99,0.5544,-7.582573333,112.167213333
0.01,0.01,0.99,0.3348,-7.582573333,112.167213333
0.0,0.01,1.0,0.2412,-7.582571667,112.167213333
0.01,0.01,0.99,0.0,-7.582571667,112.167213333
0.01,0.01,0.99,0.0,-7.582571667,112.167213333
0.01,0.01,0.99,0.0,-7.582571667,112.167213333
0.01,0.0,0.99,0.0,-7.582571667,112.167213333
0.01,0.01,0.99,0.0,-7.582571667,112.167213333
0.01,0.01,0.99,0.0,-7.582573333,112.167215
0.02,0.0,1.0,0.3528,-7.582573333,112.16722
0.0,0.02,0.99,0.4428,-7.582573333,112.167223333
0.01,0.02,0.99,0.5184,-7.582575,112.167228333
0.01,0.01,0.99,0.4428,-7.582576667,112.167231667
0.01,0.01,0.99,0.4068,-7.582578333,112.167233333
0.01,0.01,0.99,0.3888,-7.582581667,112.167235
0.02,0.0,0.99,0.3132,-7.582583333,112.167236667
0.01,0.01,0.99,0.2232,-7.582583333,112.167238333
0.01,0.01,1.0,0.1656,-7.582585,112.167241667
0.01,0.01,1.0,0.1476,-7.582588333,112.167243333
0.01,0.01,0.99,0.1296,-7.582588333,112.167246667
0.01,0.01,0.99,0.1476,-7.582588333,112.167248333
0.01,0.01,0.99,0.1476,-7.582588333,112.16725
0.01,0.01,0.99,0.1476,-7.582588333,112.16725
0.01,0.0,0.99,0.1476,-7.58259,112.16725
0.01,0.01,0.99,0.1656,-7.58259,112.167251667
0.01,0.01,0.99,0.1296,-7.58259,112.167253333
0.01,0.01,0.99,0.1476,-7.58259,112.167255
0.02,0.0,0.99,0.1836,-7.582588333,112.167256667
0.01,0.01,0.99,0.2412,-7.582586667,112.167256667
0.01,0.01,0.99,0.3132,-7.582585,112.167256667
0.01,0.0,0.99,0.3528,-7.582585,112.167256667
0.01,0.01,1.0,0.3132,-7.582585,112.167256667
0.01,0.0,0.98,0.2952,-7.582583333,112.167256667
0.01,0.01,0.99,0.2952,-7.582583333,112.167253333
0.01,0.01,0.99,0.2952,-7.582583333,112.167251667
0.02,0.01,0.99,0.2772,-7.582583333,112.167251667
0.01,0.01,0.99,0.2592,-7.582585,112.167251667
0.02,0.01,1.0,0.2232,-7.582583333,112.167251667
0.01,0.01,0.99,0.2232,-7.582583333,112.167251667
0.01,0.0,0.99,0.2232,-7.582583333,112.167251667
0.01,0.01,0.99,0.2232,-7.582583333,112.16725
0.01,0.01,1.0,0.1836,-7.582583333,112.16725
0.01,0.01,0.99,0.1656,-7.582583333,112.16725
0.01,0.01,0.99,0.2052,-7.582583333,112.167248333
0.02,0.01,0.99,0.702,-7.582583333,112.167245
0.01,0.01,0.99,0.7416,-7.582583333,112.167243333
0.01,0.01,0.99,0.7416,-7.582583333,112.167241667
0.01,0.01,0.99,0.594,-7.582585,112.167238333
0.01,0.01,1.0,0.594,-7.582585,112.167238333
0.01,0.01,0.99,0.1656,-7.582585,112.167238333
0.01,0.02,0.99,0.036,-7.582585,112.167238333
0.01,0.01,1.0,0.0936,-7.582585,112.167238333
0.01,0.01,0.99,0.2052,-7.582585,112.167238333
0.01,0.0,0.99,0.2052,-7.582585,112.167238333
0.01,0.01,0.99,0.1656,-7.582585,112.167238333
0.02,0.02,0.99,0.2412,-7.582585,112.167238333
0.02,0.01,0.99,0.1296,-7.582585,112.167236667
0.01,0.01,0.99,0.1476,-7.582585,112.167236667
0.01,0.01,1.0,0.1476,-7.582585,112.167236667
0.01,0.01,0.99,0.1656,-7.582585,112.167235
0.01,0.01,0.99,0.1656,-7.582585,112.167235
0.01,0.01,0.99,0.4068,-7.582585,112.167235
0.01,0.01,1.0,0.4068,-7.582585,112.167235
0.01,0.01,0.99,0.2052,-7.582585,112.167233333
0.0,0.01,1.0,0.1476,-7.582585,112.167233333
0.01,0.02,0.99,0.0936,-7.582583333,112.167233333
0.01,0.01,0.99,0.3348,-7.582583333,112.167233333
0.0,0.03,0.95,nan,0.0,0.0
0.0,0.03,0.99,3.6864,-7.58256,112.167323333
0.01,0.03,1.0,4.1112,-7.582556667,112.167336667
0.0,0.03,1.0,4.6872,-7.58255,112.167358333
0.01,0.03,1.01,4.6872,-7.58255,112.167358333
0.02,0.02,1.01,5.9076,-7.582538333,112.167395
0.01,0.02,1.01,8.37,-7.582531667,112.167421667
0.0,0.02,0.96,9.612,-7.582523333,112.167448333
0.0,0.02,0.99,10.314,-7.582515,112.167476667
0.0,0.01,1.03,10.314,-7.582515,112.167476667
0.01,0.02,0.99,11.0556,-7.582493333,112.167531667
0.01,0.03,0.97,11.4444,-7.582481667,112.167556667
0.0,0.02,1.0,12.222,-7.582473333,112.167585
0.02,0.02,0.99,12.78,-7.582461667,112.167616667
0.02,0.02,1.01,12.78,-7.582461667,112.167616667
0.01,0.02,0.96,12.9096,-7.582436667,112.167676667
0.0,0.02,0.99,12.87,-7.582421667,112.167708333
0.02,0.03,1.02,12.9276,-7.58241,112.167738333
0.0,0.01,1.03,13.7772,-7.582396667,112.167771667
0.0,0.02,1.0,13.7772,-7.582396667,112.167771667
0.02,0.02,0.99,13.8708,-7.582373333,112.167836667
0.02,0.01,0.99,14.8176,-7.582361667,112.167873333
0.02,0.02,0.99,14.9652,-7.58235,112.167908333
0.01,0.01,0.99,15.5736,-7.582336667,112.167946667
0.0,0.01,0.97,15.5736,-7.582336667,112.167946667
0.0,0.0,1.01,15.8328,-7.582308333,112.168021667
0.01,0.02,0.99,16.3908,-7.582295,112.168061667
0.02,0.0,1.01,16.056,-7.58228,112.168101667
0.02,0.02,1.01,16.074,-7.582265,112.16814
0.02,0.02,1.03,16.074,-7.582265,112.16814
0.03,0.01,1.04,17.334,-7.582226667,112.168215
0.05,0.03,1.03,16.7436,-7.582206667,112.168253333
0.02,0.01,0.99,17.0748,-7.582186667,112.168291667
0.05,0.02,0.98,16.9632,-7.582166667,112.16833
0.04,0.02,0.96,16.9632,-7.582166667,112.16833
0.02,0.01,1.0,17.7408,-7.582131667,112.16841
0.03,0.02,0.99,17.7804,-7.582111667,112.168451667
0.01,0.02,0.98,17.334,-7.582098333,112.168491667
0.07,0.02,0.99,17.298,-7.582083333,112.168531667
0.01,0.02,0.96,17.298,-7.582083333,112.168531667
0.01,0.01,1.0,18.9072,-7.582048333,112.168641667
0.01,0.02,1.0,18.8892,-7.58203,112.168686667
0.0,0.02,0.99,18.8352,-7.582011667,112.168733333
0.0,0.02,0.99,19.7964,-7.581996667,112.168783333
0.0,0.03,0.9,19.7964,-7.581996667,112.168783333
0.0,0.02,1.03,19.0584,-7.581966667,112.168878333
0.0,0.02,0.98,19.1124,-7.581951667,112.168921667
0.0,0.02,1.0,20.1312,-7.581928333,112.168968333
0.0,0.02,1.0,21.0024,-7.581908333,112.16902
0.01,0.02,1.02,21.0024,-7.581908333,112.16902
0.02,0.01,1.0,20.3148,-7.581873333,112.169118333
0.0,0.03,1.0,20.3724,-7.581858333,112.16917
0.01,0.02,0.99,19.89,-7.581846667,112.169218333
0.0,0.02,0.98,19.4832,-7.581833333,112.169265
0.02,0.02,0.99,19.4832,-7.581833333,112.169265
0.0,0.02,0.97,21.5568,-7.5818,112.169366667
0.02,0.02,0.99,22.0212,-7.581783333,112.169418333
0.0,0.02,0.99,21.4452,-7.581768333,112.16947
0.0,0.02,0.99,21.78,-7.581751667,112.16952
0.0,0.02,0.99,21.78,-7.581751667,112.16952
0.01,0.02,0.99,20.8908,-7.581723333,112.169625
0.01,0.02,1.0,21.3732,-7.581706667,112.169676667
0.01,0.02,0.99,21.834,-7.58169,112.169731667
0.0,0.02,1.0,23.5404,-7.581666667,112.169793333
0.02,0.02,1.01,23.5404,-7.581666667,112.169793333
0.0,0.02,0.97,23.8356,-7.581621667,112.169908333
0.0,0.02,1.0,24.5952,-7.581598333,112.169971667
0.01,0.03,0.99,24.6132,-7.581578333,112.170035
0.01,0.03,1.0,24.5196,-7.581563333,112.170091667
0.01,0.02,1.01,25.5204,-7.58154,112.17016
0.02,0.02,0.98,25.596,-7.58152,112.170231667
0.0,0.04,1.0,25.5384,-7.5815,112.170298333
0.02,0.03,0.97,25.0956,-7.581481667,112.170363333
0.0,0.03,0.95,24.5952,-7.581463333,112.170423333
0.0,0.03,1.0,25.1316,-7.581441667,112.17049
0.01,0.02,0.99,26.1504,-7.58142,112.170558333
0.01,0.04,1.0,26.8524,-7.58139,112.170623333
0.0,0.03,0.99,28.152,-7.581361667,112.170695
0.02,0.03,0.98,29.3724,-7.581333333,112.17077
0.01,0.04,1.0,29.9664,-7.581303333,112.170845
0.0,0.03,1.03,30.114,-7.581271667,112.17092
0.02,0.03,1.01,30.2076,-7.581241667,112.170995
0.0,0.02,1.03,31.5036,-7.581203333,112.171071667
0.01,0.02,0.99,31.446,-7.581173333,112.171146667
0.01,0.03,1.01,31.374,-7.58114,112.171223333
0.0,0.02,0.99,31.3344,-7.581113333,112.171301667
0.02,0.03,1.01,32.3172,-7.58108,112.171383333
0.0,0.02,0.98,33.0948,-7.581051667,112.171465
0.0,0.03,1.0,33.6312,-7.581023333,112.171555
0.01,0.02,0.98,34.0956,-7.580996667,112.17164
0.02,0.02,0.99,33.966,-7.580966667,112.171728333
0.01,0.01,1.01,34.7796,-7.580935,112.171816667
0.02,0.02,0.98,35.0964,-7.580898333,112.171905
0.01,0.02,0.97,35.208,-7.58086,112.171993333
0.0,0.02,1.0,36.0576,-7.580821667,112.172088333
0.0,0.03,1.0,35.9856,-7.580785,112.172186667
0.0,0.02,0.98,35.5752,-7.580748333,112.17228
0.01,0.03,0.99,35.1864,-7.580715,112.172371667
0.04,0.05,1.01,34.6896,-7.580686667,112.172458333
0.0,0.02,0.97,35.4672,-7.580656667,112.172548333
0.0,0.03,0.95,35.874,-7.58062,112.172636667
0.01,0.03,1.03,37.2636,-7.580585,112.172731667
0.01,0.01,0.99,36.9108,-7.580551667,112.17283
0.02,0.04,0.99,36.0576,-7.580525,112.172921667
0.0,0.04,1.0,37.152,-7.5805,112.173018333
0.0,0.03,0.99,37.224,-7.580471667,112.173113333
0.01,0.04,0.98,38.1132,-7.580438333,112.17321
0.02,0.02,0.99,39.06,-7.5804,112.173311667
0.0,0.03,0.99,38.9484,-7.58036,112.173408333
0.01,0.03,0.99,40.356,-7.580316667,112.173511667
0.03,0.03,0.97,41.8536,-7.580271667,112.173625
0.01,0.01,0.96,43.4124,-7.58022,112.173738333
0.0,0.04,1.0,44.5968,-7.58017,112.173851667
0.01,0.04,0.97,45.2988,-7.580123333,112.173968333
0.02,0.02,0.98,46.5228,-7.580075,112.174088333
0.0,0.03,0.96,46.9476,-7.580028333,112.174203333
0.0,0.04,1.0,46.0764,-7.579986667,112.174313333
0.01,0.02,0.99,45.7452,-7.579945,112.174426667
0.0,0.03,1.01,47.0592,-7.5799,112.174543333
0.0,0.02,0.99,46.9836,-7.579858333,112.174658333
0.02,0.02,1.01,46.836,-7.579818333,112.174771667
0.01,0.02,1.0,47.3004,-7.579775,112.174885
0.0,0.02,0.99,47.3724,-7.579731667,112.174996667
0.01,0.01,0.97,47.8944,-7.579686667,112.175111667
0.02,0.04,0.99,49.2264,-7.579638333,112.175231667
0.01,0.02,0.98,50.0976,-7.579588333,112.175355
0.01,0.05,0.99,51.1884,-7.579533333,112.175483333
0.01,0.02,0.99,51.7824,-7.579485,112.175608333
0.01,0.02,1.0,52.3944,-7.579431667,112.17574
0.02,0.02,0.99,52.5024,-7.57938,112.175873333
0.02,0.04,1.03,52.4664,-7.579331667,112.176006667
0.02,0.03,0.97,52.0776,-7.579286667,112.176138333
0.02,0.04,0.99,52.8732,-7.579241667,112.176273333
0.02,0.03,0.99,53.5032,-7.579191667,112.176406667
0.0,0.04,0.99,55.5048,-7.579146667,112.176548333
0.01,0.03,0.99,56.5776,-7.579095,112.1767
0.0,0.03,1.0,57.9492,-7.579038333,112.176853333
0.0,0.03,1.01,60.1704,-7.578945,112.177036667
0.01,0.03,0.97,60.228,-7.578876667,112.177195
0.03,0.03,1.03,60.264,-7.578818333,112.177345
0.0,0.01,0.95,60.3936,-7.578758333,112.177495
0.02,0.03,1.01,61.1172,-7.578696667,112.177646667
0.0,0.01,0.98,61.8372,-7.578635,112.177796667
0.02,0.03,1.01,61.524,-7.57858,112.177943333
0.0,0.02,1.02,62.3556,-7.578516667,112.1781
0.0,0.04,0.99,63.6516,-7.578451667,112.178253333
0.02,0.03,1.0,63.8028,-7.578393333,112.178411667
0.01,0.02,1.01,64.3752,-7.578333333,112.17857
0.02,0.02,0.99,64.3572,-7.578275,112.178726667
0.01,0.03,1.02,64.8396,-7.578223333,112.178886667
0.0,0.01,1.01,65.7468,-7.578166667,112.179046667
0.0,0.01,1.01,66.2652,-7.578113333,112.179205
0.0,0.03,1.01,66.3372,-7.578058333,112.179363333
0.02,0.02,1.01,67.284,-7.577998333,112.179528333
0.02,0.03,1.01,67.986,-7.57794,112.179695
0.03,0.02,0.97,68.5044,-7.577878333,112.179863333
0.0,0.04,1.04,68.9868,-7.577818333,112.180031667
0.01,0.01,0.97,69.7284,-7.577755,112.180201667
0.0,0.01,1.02,70.7652,-7.577688333,112.180376667
0.01,0.01,1.02,71.838,-7.577621667,112.180551667
0.0,0.01,0.99,71.9676,-7.577556667,112.180731667
0.03,0.04,1.04,72.414,-7.577491667,112.180908333
0.0,0.03,0.99,73.8036,-7.577425,112.181088333
0.01,0.02,0.97,73.8936,-7.577356667,112.181273333
0.02,0.03,0.99,73.8216,-7.57729,112.181448333
0.01,0.04,0.98,74.4876,-7.577226667,112.181623333
0.01,0.01,0.97,75.8592,-7.57716,112.181801667
0.05,0.02,1.04,75.8016,-7.577095,112.181978333
0.03,0.01,0.99,75.8016,-7.577028333,112.182156667
0.0,0.02,0.97,77.8572,-7.57696,112.182338333
0.01,0.02,1.02,78.2856,-7.576893333,112.182523333
0.03,0.01,1.05,78.3756,-7.576826667,112.182708333
0.01,0.03,0.99,78.804,-7.576756667,112.182893333
0.02,0.05,0.97,79.7832,-7.576688333,112.183083333
0.0,0.02,1.01,79.6932,-7.576618333,112.183275
0.03,0.0,0.97,79.7652,-7.57655,112.183465
0.04,0.02,0.97,80.5248,-7.57648,112.183655
0.02,0.02,0.96,80.838,-7.57641,112.183845
0.0,0.02,1.03,80.2296,-7.57634,112.184031667
0.0,0.02,0.97,80.748,-7.576271667,112.184221667
0.01,0.01,0.99,80.8596,-7.576206667,112.18441
0.0,0.02,0.97,81.5436,-7.576138333,112.184603333
0.02,0.03,1.06,82.9152,-7.576068333,112.184796667
0.04,0.01,1.01,82.4688,-7.575998333,112.18499
0.03,0.02,0.94,81.7092,-7.575926667,112.185183333
0.01,0.02,1.0,82.5984,-7.575858333,112.185376667
0.07,0.03,0.99,83.7468,-7.575788333,112.185573333
0.02,0.02,0.99,84.0636,-7.575716667,112.18577
0.0,0.03,0.99,84.1932,-7.575643333,112.185966667
0.0,0.02,1.01,84.1176,-7.575571667,112.186163333
0.01,0.03,1.0,84.2472,-7.575496667,112.186361667
0.03,0.01,0.99,84.3588,-7.575423333,112.18656
0.01,0.03,0.97,84.8772,-7.57535,112.18676
0.0,0.02,0.96,84.7656,-7.575276667,112.186958333
0.01,0.03,1.01,85.7484,-7.5752,112.18716
0.01,0.03,0.99,85.8204,-7.575125,112.187361667
0.05,0.04,1.01,86.7852,-7.57505,112.187565
0.01,0.02,0.99,85.4892,-7.574973333,112.187765
0.02,0.02,0.96,85.0608,-7.574898333,112.187965
0.02,0.02,0.93,84.9888,-7.574825,112.188166667
0.01,0.01,0.99,84.4128,-7.57475,112.188366667
0.01,0.03,0.99,84.564,-7.574675,112.188566667
0.01,0.01,0.95,85.9896,-7.5746,112.188768333
0.0,0.0,1.03,86.0436,-7.574525,112.188971667
0.02,0.0,0.99,85.6548,-7.57445,112.189173333
0.02,0.03,1.01,85.7304,-7.574375,112.189376667
0.0,0.0,1.04,85.6368,-7.574301667,112.189578333
0.0,0.03,1.01,85.0068,-7.574228333,112.189778333
0.01,0.01,0.99,85.0068,-7.574156667,112.18998
0.05,0.01,0.99,84.9132,-7.574081667,112.190181667
0.03,0.0,1.0,85.4316,-7.574001667,112.190383333
0.01,0.02,1.0,85.32,-7.573925,112.190586667
0.0,0.03,0.99,86.1012,-7.573851667,112.190788333
0.01,0.02,1.0,86.58,-7.573775,112.190991667
0.01,0.04,0.98,85.4496,-7.5737,112.191193333
0.03,0.03,0.96,85.4136,-7.573623333,112.191395
0.02,0.03,0.97,85.5432,-7.573545,112.191595
0.01,0.02,0.96,85.5252,-7.573468333,112.191796667
0.01,0.02,1.02,85.5792,-7.573393333,112.191996667
0.0,0.0,0.99,84.8592,-7.573318333,112.192196667
0.05,0.0,0.98,84.8952,-7.573245,112.192396667
0.01,0.01,1.03,84.2472,-7.573173333,112.192595
0.0,0.01,0.97,84.1932,-7.573103333,112.192793333
0.02,0.02,1.01,84.672,-7.57303,112.192993333
0.0,0.01,0.97,84.6936,-7.572958333,112.193193333
0.01,0.01,0.96,84.042,-7.572886667,112.193391667
0.02,0.0,0.98,84.8592,-7.572813333,112.19359
0.0,0.02,0.99,84.5424,-7.572735,112.19379
0.04,0.0,1.0,85.3956,-7.572656667,112.193991667
0.04,0.03,1.04,85.4496,-7.572583333,112.194193333
0.02,0.0,0.97,85.4136,-7.572508333,112.194393333
0.03,0.0,1.0,85.4892,-7.572435,112.194596667
0.01,0.0,0.98,85.7844,-7.572363333,112.1948
0.01,0.01,1.01,84.7836,-7.572291667,112.195001667
0.01,0.0,0.98,84.9132,-7.572216667,112.195203333
0.03,0.01,0.94,83.934,-7.572143333,112.195403333
0.02,0.02,0.97,84.5064,-7.572071667,112.195606667
0.02,0.0,1.02,84.4884,-7.572001667,112.195808333
0.03,0.02,0.99,85.3416,-7.571925,112.19601
0.04,0.03,0.99,84.654,-7.57185,112.196206667
0.01,0.02,1.01,84.582,-7.571776667,112.196403333
0.0,0.02,1.01,84.7116,-7.571706667,112.1966
0.0,0.0,0.99,85.4892,-7.571631667,112.1968
0.01,0.02,0.96,86.1012,-7.571555,112.197003333
0.01,0.01,0.91,85.7484,-7.571478333,112.197208333
0.01,0.01,0.95,85.8204,-7.571403333,112.19741
0.0,0.0,0.98,86.1372,-7.571326667,112.197613333
0.01,0.01,0.96,86.1732,-7.571251667,112.197816667
0.0,0.01,0.99,84.7656,-7.571178333,112.198021667
0.03,0.0,1.04,85.1904,-7.571106667,112.198226667
0.01,0.01,1.02,85.1004,-7.571033333,112.19843
0.03,0.03,0.99,84.5064,-7.57096,112.198633333
0.02,0.03,0.97,84.8952,-7.570886667,112.198835
0.03,0.0,1.03,85.6728,-7.570811667,112.199038333
0.0,0.01,0.98,86.2848,-7.570736667,112.199245
0.03,0.01,0.99,86.2308,-7.570661667,112.19945
0.05,0.02,0.99,85.284,-7.570585,112.199653333
0.01,0.02,0.96,85.248,-7.570506667,112.199855
0.02,0.0,0.99,85.1904,-7.570431667,112.200058333
0.0,0.0,0.98,84.8592,-7.570356667,112.20026
0.02,0.03,1.02,84.8772,-7.570283333,112.20046
0.0,0.02,1.0,84.7656,-7.57021,112.20066
0.0,0.02,1.02,85.1004,-7.570135,112.200861667
0.03,0.0,0.97,85.1184,-7.570061667,112.201065
0.01,0.01,1.03,85.248,-7.569986667,112.201266667
0.02,0.02,1.0,85.284,-7.56991,112.201468333
0.03,0.02,0.98,84.9708,-7.569833333,112.201671667
0.02,0.02,1.0,84.636,-7.569756667,112.201875
0.03,0.0,0.98,85.1184,-7.569681667,112.202078333
0.02,0.03,0.98,85.1004,-7.569603333,112.20228
0.03,0.02,0.99,85.878,-7.569525,112.202483333
0.03,0.02,1.01,85.7304,-7.569446667,112.202683333
0.01,0.01,1.02,84.9708,-7.569371667,112.202883333
0.02,0.02,0.96,84.024,-7.569296667,112.203081667
0.02,0.01,0.99,84.5244,-7.569221667,112.203281667
0.03,0.02,0.95,85.284,-7.569143333,112.203483333
0.0,0.04,1.0,85.6008,-7.56907,112.203681667
0.03,0.04,1.03,85.4892,-7.568993333,112.203883333
0.02,0.0,0.99,85.1904,-7.568916667,112.204083333
0.03,0.01,0.99,84.7836,-7.56884,112.204285
0.01,0.0,0.94,83.952,-7.568765,112.204481667
0.0,0.01,1.01,84.0636,-7.56869,112.204681667
0.02,0.04,1.0,84.0816,-7.568615,112.20488
0.01,0.03,1.01,84.672,-7.568543333,112.20508
0.02,0.0,1.02,84.9888,-7.568468333,112.205278333
0.0,0.0,0.97,84.9528,-7.568396667,112.205476667
0.02,0.02,1.02,84.9132,-7.568325,112.205673333
0.02,0.02,1.01,83.952,-7.568251667,112.205871667
0.0,0.02,1.01,84.0636,-7.568181667,112.206068333
0.04,0.0,1.03,84.1176,-7.568108333,112.206265
0.01,0.0,0.97,83.358,-7.568035,112.20646
0.0,0.02,0.98,83.358,-7.56796,112.206656667
0.02,0.02,0.99,84.4704,-7.567886667,112.206853333
0.0,0.02,0.98,83.4516,-7.567813333,112.207051667
0.01,0.02,0.94,83.34,-7.56774,112.207246667
0.02,0.02,1.05,84.006,-7.567665,112.207441667
0.03,0.02,0.99,84.9888,-7.567593333,112.207638333
0.02,0.0,0.88,84.1932,-7.567521667,112.207835
0.01,0.0,0.93,84.3228,-7.56745,112.208031667
0.01,0.02,0.94,81.9144,-7.567378333,112.208223333
0.03,0.01,1.0,82.2276,-7.56731,112.208416667
0.03,0.03,0.99,83.0808,-7.567166667,112.208806667
0.01,0.0,0.96,82.9332,-7.567095,112.209001667
0.0,0.01,1.0,82.9332,-7.567095,112.209001667
0.02,0.02,1.0,83.0268,-7.566951667,112.209388333
0.01,0.0,0.97,83.0268,-7.566951667,112.209388333
0.02,0.02,0.94,82.8972,-7.56688,112.209581667
0.01,0.0,0.99,81.4896,-7.566811667,112.209775
0.0,0.0,1.04,82.4328,-7.566741667,112.209968333
0.02,0.02,0.97,81.9864,-7.566671667,112.21016
0.02,0.01,1.03,81.8964,-7.5666,112.210351667
0.0,0.02,1.02,83.1744,-7.566456667,112.21074
0.0,0.01,1.0,83.97,-7.566381667,112.210941667
0.02,0.0,0.98,83.97,-7.566381667,112.210941667
0.03,0.03,1.04,84.2292,-7.566235,112.211346667
0.01,0.02,0.96,83.5632,-7.566163333,112.211545
0.0,0.02,1.03,82.692,-7.566093333,112.211738333
0.04,0.01,1.0,82.656,-7.566021667,112.21193
0.02,0.0,1.01,82.656,-7.566021667,112.21193
0.02,0.0,1.05,82.4868,-7.56587,112.212315
0.04,0.01,0.99,82.044,-7.565795,112.212506667
0.02,0.01,0.94,82.044,-7.565721667,112.2127
0.02,0.03,0.98,82.044,-7.565721667,112.2127
0.04,0.0,1.03,81.9684,-7.565651667,112.212891667
0.01,0.01,0.99,82.9152,-7.565503333,112.213295
0.02,0.0,1.01,82.008,-7.565428333,112.213495
0.01,0.02,1.0,82.026,-7.565356667,112.213698333
0.02,0.02,1.01,82.4328,-7.56528,112.213896667
0.01,0.02,1.05,82.4328,-7.56528,112.213896667
0.01,0.01,1.02,82.4688,-7.56513,112.214301667
0.0,0.0,0.98,81.8208,-7.56506,112.214503333
0.02,0.03,1.03,81.7488,-7.564988333,112.214705
0.02,0.02,0.96,81.378,-7.564916667,112.214905
0.02,0.03,0.96,81.378,-7.564916667,112.214905
0.0,0.01,0.99,80.0424,-7.564775,112.215295
0.02,0.03,1.03,79.1172,-7.564705,112.215485
0.0,0.02,0.93,78.5988,-7.564633333,112.215675
0.05,0.01,0.99,78.0048,-7.564561667,112.215861667
0.04,0.02,1.07,78.0048,-7.564561667,112.215861667
0.02,0.03,0.97,77.2092,-7.564423333,112.216235
0.01,0.04,0.97,76.1904,-7.564356667,112.21642
0.02,0.03,1.03,75.1896,-7.564291667,112.216603333
0.02,0.02,1.05,73.8396,-7.564228333,112.216785
0.02,0.0,0.96,73.8396,-7.564228333,112.216785
0.01,0.05,0.93,73.8036,-7.564096667,112.217145
0.02,0.01,1.05,72.7848,-7.56403,112.217321667
0.01,0.02,1.06,72.0972,-7.563966667,112.217495
0.02,0.01,0.98,71.6364,-7.563903333,112.217666667
0.02,0.0,1.0,71.6364,-7.563903333,112.217666667
0.01,0.05,0.99,70.3008,-7.56378,112.218001667
0.02,0.02,0.99,69.5232,-7.56372,112.218168333
0.02,0.01,0.99,69.4332,-7.56366,112.218333333
0.02,0.01,0.96,67.6152,-7.563603333,112.218495
0.03,0.01,1.03,67.6152,-7.563603333,112.218495
0.0,0.0,0.99,67.5252,-7.563481667,112.218823333
0.01,0.0,0.99,67.6548,-7.563421667,112.218986667
0.01,0.03,0.97,67.6368,-7.563363333,112.219148333
0.01,0.02,0.99,66.4884,-7.563303333,112.219308333
0.02,0.01,0.97,66.4884,-7.563303333,112.219308333
0.0,0.02,1.01,64.3392,-7.563188333,112.219611667
0.0,0.0,0.99,64.746,-7.56313,112.219766667
0.01,0.01,1.02,64.692,-7.563071667,112.219918333
0.01,0.02,0.98,64.0404,-7.563013333,112.22007
0.01,0.01,0.98,64.0404,-7.563013333,112.22007
0.02,0.02,0.99,65.4696,-7.5629,112.220385
0.02,0.0,1.0,66.2472,-7.562841667,112.220551667
0.02,0.01,0.97,67.914,-7.562781667,112.220716667
0.04,0.01,0.99,67.2084,-7.562723333,112.220876667
0.0,0.01,0.99,67.2084,-7.562723333,112.220876667
0.03,0.0,0.97,67.1904,-7.562606667,112.2212
0.01,0.02,1.0,67.0968,-7.562545,112.22136
0.03,0.01,0.98,67.0068,-7.562485,112.221518333
0.02,0.02,0.98,68.8212,-7.562425,112.221686667
0.03,0.01,0.98,68.8212,-7.562425,112.221686667
0.01,0.02,1.0,69.4116,-7.562303333,112.222023333
0.01,0.0,0.95,69.5232,-7.56224,112.22219
0.03,0.02,1.01,69.21,-7.562178333,112.222355
0.01,0.01,1.0,69.5412,-7.562115,112.222521667
0.02,0.0,1.0,69.5412,-7.562115,112.222521667
0.02,0.03,1.0,68.2632,-7.561986667,112.22285
0.01,0.02,1.04,67.5612,-7.561923333,112.223015
0.02,0.02,0.99,67.1364,-7.561861667,112.223176667
0.0,0.01,0.98,67.0968,-7.561801667,112.223335
0.0,0.0,0.98,67.0968,-7.561801667,112.223335
0.02,0.03,0.97,65.988,-7.561686667,112.223651667
0.03,0.03,1.01,64.116,-7.56163,112.223806667
0.01,0.02,0.93,62.9316,-7.561575,112.223956667
0.01,0.0,0.94,62.3556,-7.56152,112.224106667
0.02,0.01,1.02,62.3556,-7.56152,112.224106667
0.01,0.01,1.11,58.5036,-7.56142,112.224391667
0.02,0.01,0.94,56.8548,-7.561371667,112.224525
0.01,0.01,1.03,57.5604,-7.56132,112.224661667
0.01,0.02,0.98,55.6344,-7.56127,112.224793333
0.02,0.02,1.03,55.6344,-7.56127,112.224793333
0.01,0.0,0.98,53.5428,-7.561178333,112.225048333
0.02,0.0,0.99,53.6508,-7.56113,112.225181667
0.03,0.0,1.03,52.4304,-7.561081667,112.225308333
0.01,0.01,1.03,52.4844,-7.561035,112.225436667
0.01,0.0,1.04,52.4844,-7.561035,112.225436667
0.0,0.0,0.97,49.7088,-7.560928333,112.225685
0.02,0.0,1.01,47.8728,-7.560881667,112.225798333
0.01,0.03,0.99,47.8728,-7.560838333,112.22591
0.03,0.02,1.01,47.7648,-7.56079,112.226023333
0.02,0.01,0.97,47.7648,-7.56079,112.226023333
0.0,0.02,1.0,46.4652,-7.560706667,112.226238333
0.02,0.02,0.96,46.818,-7.560666667,112.226351667
0.02,0.02,1.0,44.208,-7.560628333,112.226453333
0.02,0.04,1.0,44.28,-7.560591667,112.226556667
0.01,0.01,0.99,44.28,-7.560591667,112.226556667
0.05,0.0,1.0,45.9864,-7.560513333,112.226776667
0.02,0.0,1.02,47.5956,-7.560473333,112.226891667
0.03,0.01,1.03,48.1716,-7.560435,112.22701
0.0,0.01,1.03,48.9492,-7.560396667,112.227141667
0.0,0.01,0.99,48.9492,-7.560396667,112.227141667
0.0,0.01,0.98,48.762,-7.560325,112.227418333
0.03,0.0,0.97,48.762,-7.560286667,112.227548333
0.02,0.0,0.96,48.6324,-7.56025,112.227676667
0.03,0.0,0.95,45.522,-7.560211667,112.227788333
0.04,0.0,0.98,43.1892,-7.56018,112.227895
0.06,0.02,1.01,41.3748,-7.560148333,112.228
0.06,0.01,0.91,42.0588,-7.560111667,112.228101667
0.05,0.0,0.98,42.5016,-7.560073333,112.228205
0.05,0.02,0.97,42.912,-7.56004,112.228306667
0.03,0.01,1.0,40.5396,-7.560003333,112.228405
0.02,0.0,1.0,41.2272,-7.559963333,112.228505
0.01,0.01,1.05,41.2452,-7.559915,112.228608333
0.07,0.01,1.04,40.8744,-7.559873333,112.228708333
0.0,0.0,0.94,41.7456,-7.559833333,112.228811667
0.02,0.01,1.05,40.9284,-7.559793333,112.22891
0.01,0.0,1.03,40.2084,-7.559753333,112.229008333
0.01,0.02,1.03,41.8176,-7.559708333,112.229111667
0.01,0.01,0.97,41.2272,-7.559668333,112.229216667
0.03,0.0,0.99,41.3172,-7.55963,112.229323333
0.0,0.0,0.99,41.3172,-7.55959,112.229425
0.01,0.0,1.01,39.4092,-7.559551667,112.229518333
0.01,0.0,0.96,40.5216,-7.559515,112.229618333
0.02,0.0,1.01,41.724,-7.559476667,112.229718333
0.0,0.01,0.99,42.372,-7.559436667,112.229821667
0.02,0.0,0.99,41.2272,-7.559398333,112.229923333
0.0,0.02,1.01,39.3732,-7.559361667,112.230023333
0.0,0.0,1.01,38.6892,-7.559325,112.230118333
0.01,0.0,0.98,40.1328,-7.559288333,112.230216667
0.02,0.02,1.01,40.8564,-7.559253333,112.23032
0.02,0.0,0.98,38.6316,-7.55922,112.230413333
0.02,0.01,0.97,35.4852,-7.559186667,112.230501667
0.03,0.01,0.99,35.9856,-7.559153333,112.230593333
0.01,0.0,1.01,34.5204,-7.55912,112.23068
0.01,0.01,1.04,33.6312,-7.559088333,112.230766667
0.01,0.0,0.96,32.652,-7.55906,112.230851667
0.01,0.0,0.99,34.1496,-7.55903,112.230941667
0.03,0.0,1.0,33.8004,-7.559,112.231028333
0.0,0.0,0.99,33.0768,-7.558971667,112.231113333
0.03,0.02,1.0,34.002,-7.558943333,112.231196667
0.01,0.01,0.97,34.002,-7.558913333,112.231285
0.01,0.03,0.99,33.9084,-7.558881667,112.231368333
0.03,0.01,0.99,32.004,-7.558851667,112.231446667
0.02,0.0,1.03,31.9104,-7.558818333,112.231521667
0.02,0.03,1.01,31.2264,-7.558781667,112.23162
0.01,0.03,0.95,29.6892,-7.558743333,112.231705
0.0,0.01,0.99,28.3896,-7.558711667,112.231781667
0.0,0.02,1.02,29.3364,-7.558683333,112.231861667
0.02,0.02,0.99,29.2788,-7.558655,112.231941667
0.02,0.0,0.99,28.6884,-7.55863,112.232018333
0.01,0.02,0.95,27.8172,-7.558605,112.232096667
0.01,0.04,1.0,27.5004,-7.55858,112.23217
0.02,0.03,0.99,26.7804,-7.558553333,112.232235
0.04,0.02,1.0,23.724,-7.558528333,112.232296667
0.02,0.02,0.98,20.1672,-7.558506667,112.232346667
0.0,0.01,1.01,17.982,-7.558483333,112.232388333
0.0,0.01,0.98,17.8704,-7.55846,112.232433333
0.0,0.01,0.99,16.4628,-7.55844,112.232476667
0.01,0.0,0.99,15.9444,-7.55842,112.232518333
0.02,0.0,0.99,14.3892,-7.558401667,112.23255
0.02,0.0,1.0,14.2416,-7.558386667,112.23259
0.02,0.0,0.98,14.2236,-7.558371667,112.232631667
0.02,0.0,0.99,14.2236,-7.558355,112.232673333
0.01,0.01,1.03,12.834,-7.55834,112.232711667
0.01,0.01,1.0,11.8512,-7.558325,112.232745
0.02,0.01,1.0,12.186,-7.55831,112.23278
0.02,0.01,1.0,11.574,-7.558298333,112.232815
0.01,0.02,1.0,11.6136,-7.558283333,112.232846667
0.0,0.0,0.98,11.7036,-7.558268333,112.232876667
0.01,0.01,0.99,11.592,-7.558251667,112.232903333
0.01,0.0,1.01,11.0376,-7.55824,112.23293
0.0,0.0,0.99,10.9836,-7.558228333,112.232956667
0.02,0.0,0.99,11.9628,-7.558215,112.23299
0.01,0.01,0.97,14.0004,-7.558193333,112.233031667
0.02,0.0,1.03,14.76,-7.558176667,112.233071667
0.01,0.02,1.01,14.706,-7.558163333,112.23311
0.02,0.01,0.98,14.058,-7.558151667,112.233145
0.01,0.02,0.97,13.446,-7.558141667,112.233178333
0.01,0.02,1.01,12.5388,-7.55813,112.233208333
0.0,0.02,0.98,12.0564,-7.558116667,112.233236667
0.0,0.02,1.0,12.0204,-7.558103333,112.233266667
0.01,0.03,0.98,11.9268,-7.558086667,112.233295
0.02,0.02,0.99,11.2608,-7.55807,112.233321667
0.02,0.01,0.99,9.6876,-7.558056667,112.233341667
0.01,0.02,1.01,9.558,-7.55803,112.233375
0.02,0.01,0.98,7.5204,-7.558016667,112.233398333
0.01,0.01,0.98,6.1488,-7.558006667,112.233421667
0.02,0.01,1.01,4.6656,-7.558001667,112.233433333
0.02,0.01,0.99,4.0752,-7.557996667,112.233451667
0.02,0.0,0.99,3.9636,-7.55799,112.233471667
0.01,0.0,0.98,3.87,-7.557985,112.233486667
0.02,0.0,0.99,3.3876,-7.55798,112.233506667
0.01,0.0,1.0,3.4632,-7.557983333,112.233525
0.01,0.0,0.99,2.9808,-7.557978333,112.233533333
0.01,0.0,1.0,2.2392,-7.557975,112.233543333
0.01,0.0,0.99,1.7424,-7.557971667,112.233546667
0.02,0.01,0.99,1.7604,-7.55797,112.233551667
0.01,0.01,0.99,1.6488,-7.557966667,112.233556667
0.02,0.01,0.99,1.4076,-7.557965,112.23356
0.01,0.01,0.99,1.278,-7.557963333,112.233563333
0.01,0.01,1.0,0.9072,-7.557963333,112.233566667
0.01,0.01,0.99,0.5364,-7.557961667,112.233568333
0.0,0.01,1.0,1.0728,-7.557961667,112.23357
0.02,0.01,0.99,0.8316,-7.557965,112.233571667
0.02,0.01,0.99,0.702,-7.557966667,112.233571667
0.01,0.01,0.99,0.5184,-7.557965,112.233571667
0.01,0.01,0.99,0.7236,-7.557965,112.23357
0.01,0.01,0.99,0.684,-7.557963333,112.233568333
0.01,0.01,0.99,0.5724,-7.557965,112.233568333
0.02,0.01,0.99,0.0,-7.557966667,112.233568333
0.01,0.0,0.99,0.0,-7.557966667,112.233568333
0.01,0.01,1.0,0.5184,-7.557966667,112.233566667
0.02,0.01,0.99,1.0008,-7.557968333,112.233566667
0.01,0.01,0.99,1.314,-7.55797,112.233566667
0.01,0.01,0.99,0.3528,-7.557973333,112.233566667
0.01,0.01,0.99,0.9828,-7.557973333,112.233566667
0.01,0.02,0.97,0.7956,-7.557973333,112.233568333
0.01,0.0,0.99,0.702,-7.557973333,112.233571667
0.01,0.01,0.99,1.5372,-7.557973333,112.233573333
0.01,0.01,0.99,1.4436,-7.557973333,112.233576667
0.01,0.01,0.99,1.332,-7.557971667,112.23358
0.02,0.01,0.99,0.8892,-7.55797,112.233583333
0.01,0.01,0.99,0.5004,-7.55797,112.233585
0.02,0.01,0.99,0.054,-7.55797,112.233586667
0.02,0.01,0.99,1.0944,-7.55797,112.233588333
0.09,0.03,1.03,1.5732,-7.557973333,112.233588333
0.02,0.01,0.99,2.0196,-7.557976667,112.23359
0.01,0.01,1.0,2.3508,-7.557981667,112.233593333
0.0,0.01,0.99,1.926,-7.557985,112.233598333
0.01,0.0,0.99,1.6488,-7.55799,112.233603333
0.01,0.01,1.0,1.4616,-7.557991667,112.233606667
0.01,0.02,0.93,nan,0.0,0.0
0.01,0.02,0.99,2.3148,-7.557956667,112.234075
0.01,0.02,1.0,3.4272,-7.557956667,112.234066667
0.01,0.02,0.99,2.9988,-7.557953333,112.234066667
0.01,0.02,0.99,2.3328,-7.557948333,112.234063333
0.01,0.02,0.99,2.9448,-7.55794,112.234063333
0.02,0.02,0.99,2.2788,-7.557931667,112.23406
0.02,0.02,0.99,2.2392,-7.557931667,112.234063333
0.01,0.02,1.0,2.6676,-7.55792,112.234058333
0.01,0.02,0.99,2.9988,-7.55791,112.23406
0.01,0.02,1.0,3.6468,-7.557908333,112.234081667
0.0,0.02,0.99,4.5756,-7.557901667,112.234095
0.03,0.01,0.99,5.148,-7.557836667,112.234086667
0.02,0.02,1.01,5.9436,-7.557815,112.234096667
0.01,0.02,0.99,7.056,-7.557798333,112.23412
0.02,0.02,0.99,7.9272,-7.557791667,112.234148333
0.01,0.01,1.0,8.8524,-7.557783333,112.234183333
0.01,0.02,1.0,9.4464,-7.557771667,112.234213333
0.01,0.02,0.99,9.576,-7.55776,112.234241667
0.01,0.02,0.98,10.1484,-7.55775,112.234268333
0.02,0.03,0.98,10.224,-7.557741667,112.234298333
0.0,0.01,0.99,10.6668,-7.55773,112.234325
0.02,0.02,0.99,10.5948,-7.55772,112.234358333
0.01,0.02,0.99,10.4832,-7.557711667,112.23439
0.03,0.02,1.0,10.872,-7.557701667,112.234423333
0.0,0.02,1.0,10.5732,-7.557691667,112.234453333
0.0,0.02,0.99,11.9448,-7.55768,112.23449
0.0,0.02,1.0,12.3156,-7.557668333,112.234523333
0.01,0.02,0.99,12.222,-7.557663333,112.234566667
0.01,0.02,1.0,12.2616,-7.557658333,112.234611667
0.01,0.02,0.99,12.8916,-7.557648333,112.234653333
0.01,0.03,0.97,12.8916,-7.55764,112.234688333
0.01,0.03,0.99,13.6476,-7.557635,112.234733333
0.02,0.03,0.97,13.7412,-7.557626667,112.234771667
0.0,0.03,0.97,14.112,-7.55761,112.234805
0.01,0.02,0.99,15.3144,-7.55759,112.234845
0.0,0.02,0.98,15.3144,-7.55757,112.234883333
0.01,0.02,1.01,15.9264,-7.557555,112.234923333
0.01,0.02,1.01,16.7976,-7.55754,112.234966667
0.0,0.02,0.99,16.074,-7.557526667,112.235008333
0.03,0.03,0.97,16.1856,-7.557506667,112.23505
0.02,0.03,1.0,17.4636,-7.557483333,112.235091667
0.01,0.02,0.98,18.1116,-7.557466667,112.23514
0.01,0.03,1.0,19.1304,-7.55745,112.235188333
0.02,0.02,1.0,19.9836,-7.557433333,112.235245
0.02,0.02,0.99,20.0952,-7.557416667,112.235298333
0.03,0.02,0.99,19.5192,-7.557401667,112.235353333
0.02,0.02,0.99,19.3896,-7.557385,112.235403333
0.04,0.03,0.98,19.89,-7.557368333,112.235453333
0.03,0.02,1.0,21.0384,-7.557348333,112.235506667
0.02,0.02,0.99,22.7628,-7.55733,112.235566667
0.02,0.02,0.99,23.5944,-7.557306667,112.235623333
0.04,0.02,1.0,23.5764,-7.557286667,112.235681667
0.02,0.03,0.98,24.1308,-7.557263333,112.23574
0.03,0.02,0.99,24.4656,-7.557241667,112.2358
0.01,0.02,1.02,24.4296,-7.557216667,112.235858333
0.03,0.02,0.99,24.5376,-7.55719,112.23592
0.02,0.02,0.99,25.4844,-7.557153333,112.235986667
0.03,0.02,1.0,25.596,-7.557128333,112.23606
0.02,0.02,0.97,26.1504,-7.557101667,112.23613
0.03,0.02,1.0,26.2044,-7.55707,112.236193333
0.03,0.01,1.01,26.7048,-7.557043333,112.236268333
0.03,0.04,0.97,27.7812,-7.557018333,112.236341667
0.05,0.02,0.99,28.4832,-7.556993333,112.236418333
0.02,0.02,1.01,29.448,-7.556966667,112.236495
0.01,0.02,1.0,29.43,-7.556938333,112.236571667
0.01,0.02,0.99,28.8,-7.556913333,112.236641667
0.02,0.02,0.99,29.2608,-7.556885,112.236713333
0.0,0.03,0.97,30.5964,-7.55685,112.236786667
0.01,0.02,0.98,30.6864,-7.556821667,112.236863333
0.0,0.01,0.99,30.744,-7.556791667,112.236938333
0.0,0.02,0.96,30.7044,-7.556765,112.237013333
0.0,0.04,0.98,30.744,-7.556733333,112.237086667
0.0,0.01,1.01,31.356,-7.556706667,112.237163333
0.01,0.02,1.02,32.742,-7.556676667,112.237248333
0.01,0.03,1.01,33.4296,-7.556648333,112.237335
0.01,0.0,1.0,34.002,-7.556613333,112.23742
0.01,0.02,0.99,35.0964,-7.55657,112.237511667
0.0,0.01,0.99,36.594,-7.556531667,112.237608333
0.01,0.01,0.99,36.6876,-7.556498333,112.237705
0.02,0.01,1.0,36.8172,-7.556465,112.237801667
0.01,0.02,1.0,37.3176,-7.556428333,112.237895
0.01,0.03,1.0,37.854,-7.556388333,112.237981667
0.01,0.03,0.99,38.6136,-7.55635,112.238075
0.01,0.02,1.01,39.078,-7.55631,112.238171667
0.02,0.03,0.99,39.78,-7.556275,112.238268333
0.02,0.03,0.97,39.9096,-7.556238333,112.238366667
0.02,0.02,1.02,41.3568,-7.556198333,112.238468333
0.02,0.0,1.0,41.2812,-7.556158333,112.238566667
0.01,0.03,1.02,41.3748,-7.55612,112.238675
0.0,0.02,0.99,41.688,-7.55608,112.238776667
0.01,0.01,1.0,42.4476,-7.556041667,112.238878333
0.02,0.03,0.99,42.4476,-7.556005,112.238981667
0.0,0.01,1.02,43.3188,-7.555966667,112.239088333
0.03,0.0,1.01,44.892,-7.555921667,112.2392
0.02,0.02,0.99,46.3356,-7.55588,112.239311667
0.03,0.03,1.02,46.9476,-7.555838333,112.239428333
0.02,0.02,0.98,47.0052,-7.555796667,112.239545
0.02,0.03,0.97,48.114,-7.555755,112.239666667
0.0,0.03,0.97,48.5964,-7.555708333,112.23979
0.02,0.02,1.01,49.1328,-7.555661667,112.239915
0.02,0.02,0.97,50.022,-7.555613333,112.240038333
0.02,0.03,0.97,50.9472,-7.555566667,112.24016
0.02,0.03,0.99,51.4116,-7.555521667,112.240286667
0.0,0.01,0.99,51.8364,-7.555475,112.240416667
0.02,0.05,0.96,52.4484,-7.555431667,112.240555
0.02,0.0,1.0,53.5608,-7.55538,112.240688333
0.02,0.04,1.02,54.9684,-7.555331667,112.240826667
0.02,0.02,1.0,55.728,-7.555288333,112.240971667
0.02,0.03,1.0,56.2644,-7.55524,112.24111
0.02,0.01,0.99,57.654,-7.555191667,112.241256667
0.02,0.04,1.0,58.0968,-7.555143333,112.241396667
0.02,0.05,1.01,58.9104,-7.555093333,112.241538333
0.03,0.03,1.03,59.7276,-7.555043333,112.241683333
0.02,0.02,0.98,61.2072,-7.554993333,112.241831667
0.02,0.03,0.98,61.2072,-7.554943333,112.241978333
0.02,0.02,1.01,61.1892,-7.55489,112.242128333
0.0,0.03,1.0,61.7652,-7.554836667,112.242281667
0.01,0.03,0.99,62.766,-7.55478,112.242435
0.0,0.04,1.02,63.1332,-7.554723333,112.242585
0.0,0.02,1.0,63.8928,-7.554668333,112.242738333
0.02,0.02,0.99,64.8216,-7.554615,112.242898333
0.02,0.02,1.01,64.8396,-7.55456,112.243051667
0.01,0.01,0.99,65.3184,-7.554503333,112.243206667
0.03,0.03,0.97,66.1896,-7.554446667,112.243365
0.01,0.01,1.02,67.0068,-7.55439,112.243525
0.01,0.02,1.01,67.0608,-7.554335,112.243688333
0.0,0.02,1.03,67.5252,-7.554278333,112.24385
0.0,0.03,1.02,68.7816,-7.55416,112.244178333
0.0,0.02,0.96,68.7816,-7.55416,112.244178333
0.02,0.0,1.0,70.2648,-7.554098333,112.244345
0.03,0.02,1.01,71.5068,-7.55404,112.244516667
0.02,0.02,0.97,71.172,-7.553976667,112.244685
0.01,0.0,1.02,71.6544,-7.553913333,112.244853333
0.02,0.03,0.96,71.6364,-7.553851667,112.245021667
0.02,0.03,1.0,72.45,-7.55379,112.245186667
0.03,0.01,0.99,72.414,-7.553726667,112.245351667
0.03,0.05,1.0,73.2456,-7.553665,112.245521667
0.02,0.02,0.99,73.134,-7.553601667,112.245693333
0.01,0.03,0.99,73.9332,-7.55354,112.245866667
0.0,0.05,0.98,74.8224,-7.553478333,112.246046667
0.0,0.01,0.99,75.4884,-7.553416667,112.246226667
0.02,0.02,1.01,75.5424,-7.553355,112.246406667
0.04,0.0,0.98,76.2084,-7.553293333,112.246588333
0.03,0.03,1.0,76.7268,-7.553176667,112.246958333
0.03,0.03,0.91,76.7268,-7.553176667,112.246958333
0.03,0.01,1.03,76.6908,-7.55312,112.247143333
0.01,0.01,0.99,77.4324,-7.553011667,112.24753
0.04,0.01,0.97,77.4324,-7.553011667,112.24753
0.05,0.01,0.99,78.0804,-7.55296,112.247726667
0.0,0.03,0.99,79.7292,-7.552856667,112.248123333
0.02,0.01,1.02,79.7292,-7.552856667,112.248123333
0.02,0.03,0.97,80.7084,-7.552756667,112.248521667
0.0,0.0,1.01,80.7084,-7.552756667,112.248521667
0.01,0.03,0.99,80.784,-7.552705,112.248723333
0.0,0.0,0.96,80.9136,-7.5526,112.249123333
0.02,0.01,1.01,80.9136,-7.5526,112.249123333
0.0,0.0,0.95,81.3024,-7.552548333,112.249323333
0.05,0.05,1.01,81.2664,-7.552496667,112.249523333
0.01,0.02,0.97,82.1736,-7.552446667,112.249725
0.04,0.01,1.01,82.8972,-7.552395,112.249928333
0.0,0.0,1.05,82.3968,-7.552343333,112.250128333
0.03,0.0,1.0,82.044,-7.55224,112.250528333
0.0,0.0,1.0,82.044,-7.55224,112.250528333
0.02,0.01,0.95,82.026,-7.552188333,112.25073
0.04,0.02,0.95,82.3392,-7.552083333,112.251131667
0.02,0.03,0.99,82.3392,-7.552083333,112.251131667
0.01,0.01,1.03,82.4508,-7.551975,112.251535
0.07,0.03,1.05,82.008,-7.551918333,112.251735
0.02,0.02,0.94,82.008,-7.551858333,112.251933333
0.05,0.02,1.01,82.3752,-7.5518,112.252133333
0.01,0.02,1.0,82.3752,-7.5518,112.252133333
0.01,0.02,1.02,81.9144,-7.551678333,112.252533333
0.0,0.01,0.95,82.2456,-7.551616667,112.25273
0.03,0.02,1.0,82.2672,-7.551551667,112.252928333
0.01,0.02,0.99,82.8972,-7.551483333,112.253126667
0.02,0.02,0.97,82.8972,-7.551483333,112.253126667
0.01,0.0,0.98,83.1348,-7.551338333,112.253523333
0.01,0.02,0.93,83.1168,-7.551266667,112.253721667
0.03,0.03,1.01,83.8224,-7.551195,112.253921667
0.03,0.03,0.97,83.4696,-7.551125,112.25412
0.01,0.0,1.04,83.4696,-7.551125,112.25412
0.01,0.0,1.0,82.5984,-7.550983333,112.254518333
0.01,0.02,0.98,83.1744,-7.550913333,112.254716667
0.03,0.01,0.99,83.0628,-7.550841667,112.254911667
0.02,0.02,0.98,82.9692,-7.550771667,112.255106667
0.01,0.0,1.0,82.9692,-7.550771667,112.255106667
0.04,0.01,1.03,83.5632,-7.550626667,112.255498333
0.01,0.01,0.95,83.6928,-7.550555,112.255695
0.02,0.01,1.01,83.304,-7.550483333,112.25589
0.0,0.02,1.0,82.3752,-7.550408333,112.256085
0.01,0.02,0.99,82.3752,-7.550408333,112.256085
0.05,0.01,1.01,82.2672,-7.550256667,112.256473333
0.02,0.01,0.97,82.1916,-7.55018,112.256668333
0.02,0.04,0.99,82.5048,-7.550105,112.256863333
0.01,0.0,1.02,82.638,-7.55003,112.25706
0.0,0.02,0.88,82.638,-7.55003,112.25706
0.06,0.0,1.05,82.692,-7.549881667,112.257455
0.02,0.02,0.98,82.728,-7.549806667,112.257648333
0.02,0.01,1.01,81.5796,-7.549733333,112.25784
0.02,0.02,0.95,81.1368,-7.549661667,112.258033333
0.04,0.02,1.04,81.1368,-7.549661667,112.258033333
0.0,0.01,0.95,82.4688,-7.549515,112.25842
0.02,0.02,1.01,82.044,-7.549441667,112.258615
0.02,0.01,0.98,80.766,-7.54937,112.258806667
0.04,0.01,0.99,81.3384,-7.5493,112.258996667
0.03,0.02,1.02,81.3384,-7.5493,112.258996667
0.02,0.01,0.95,80.5608,-7.549153333,112.259376667
0.01,0.01,0.95,81.2844,-7.549081667,112.259568333
0.03,0.0,0.99,81.2088,-7.54901,112.25976
0.01,0.04,0.99,81.1728,-7.548938333,112.25995
0.01,0.01,1.01,81.1728,-7.548938333,112.25995
0.03,0.01,1.0,80.7084,-7.548798333,112.260331667
0.01,0.03,0.98,80.172,-7.54873,112.260521667
0.02,0.02,1.0,80.3016,-7.54866,112.26071
0.0,0.03,1.03,80.748,-7.548591667,112.260896667
0.03,0.01,0.98,80.748,-7.548591667,112.260896667
0.01,0.01,0.99,79.2108,-7.548455,112.26127
0.04,0.0,1.01,79.2108,-7.548385,112.261456667
0.03,0.02,0.98,78.1344,-7.548316667,112.261641667
0.03,0.02,0.97,78.5988,-7.548248333,112.261825
0.06,0.01,1.02,78.5988,-7.548248333,112.261825
0.04,0.0,0.88,78.4512,-7.548111667,112.262195
0.02,0.03,1.05,78.3576,-7.548045,112.262373333
0.01,0.05,0.92,76.6368,-7.547978333,112.262551667
0.0,0.01,0.95,75.9312,-7.54791,112.262728333
0.01,0.01,0.96,75.9312,-7.54791,112.262728333
0.04,0.0,1.03,74.2824,-7.547776667,112.263078333
0.03,0.04,1.01,73.782,-7.547715,112.26325
0.03,0.02,1.01,72.504,-7.54765,112.263421667
0.01,0.02,1.02,71.6904,-7.547586667,112.263593333
0.03,0.02,0.98,71.6904,-7.547586667,112.263593333
0.01,0.04,0.94,70.0416,-7.547458333,112.263926667
0.03,0.04,1.07,69.9876,-7.547395,112.264093333
0.02,0.04,0.95,70.0416,-7.547333333,112.264258333
0.05,0.04,1.03,67.932,-7.547271667,112.264418333
0.05,0.02,0.93,67.8204,-7.54721,112.264578333
0.0,0.02,0.97,66.672,-7.54715,112.264735
0.0,0.04,0.98,65.1528,-7.547093333,112.26489
0.01,0.04,0.95,65.4876,-7.547036667,112.265045
0.02,0.04,0.96,64.0404,-7.54698,112.265198333
0.0,0.0,0.99,64.0404,-7.54698,112.265198333
0.02,0.05,1.0,61.3764,-7.546873333,112.265493333
0.03,0.01,0.92,60.7284,-7.546821667,112.265636667
0.01,0.04,0.99,59.58,-7.546771667,112.265776667
0.01,0.0,1.07,60.0984,-7.546718333,112.265918333
0.01,0.02,1.05,60.0984,-7.546718333,112.265918333
0.02,0.02,1.0,59.3028,-7.546615,112.266193333
0.0,0.01,0.96,58.7448,-7.546565,112.26633
0.03,0.02,1.03,58.7088,-7.546516667,112.266468333
0.01,0.02,0.97,58.6908,-7.546468333,112.266606667
0.01,0.02,1.0,58.6908,-7.546468333,112.266606667
0.0,0.01,0.97,59.2272,-7.546366667,112.266878333
0.01,0.0,0.97,59.1696,-7.546318333,112.267018333
0.03,0.01,1.01,59.2452,-7.546268333,112.267158333
0.02,0.02,1.01,58.6152,-7.546218333,112.267298333
0.02,0.0,0.95,57.9672,-7.546168333,112.267435
0.0,0.0,1.01,57.9312,-7.546121667,112.267571667
0.03,0.01,1.01,57.9132,-7.546071667,112.26771
0.01,0.01,0.99,57.4668,-7.546023333,112.267846667
0.02,0.0,0.96,57.5784,-7.545973333,112.267981667
0.01,0.02,1.02,57.5784,-7.545973333,112.267981667
0.02,0.0,0.98,58.2624,-7.545868333,112.268245
0.05,0.01,0.99,57.3552,-7.545816667,112.26838
0.01,0.0,1.01,56.376,-7.545766667,112.268515
0.01,0.0,1.0,57.2652,-7.54572,112.26865
0.0,0.01,0.99,56.5056,-7.545671667,112.268783333
0.02,0.0,1.01,56.9304,-7.545621667,112.268915
0.02,0.0,0.99,56.9304,-7.545571667,112.269048333
0.03,0.02,1.0,56.8548,-7.545521667,112.269181667
0.01,0.01,1.01,57.1716,-7.545473333,112.269316667
0.02,0.02,0.99,57.8952,-7.545421667,112.269453333
0.02,0.0,0.99,57.2256,-7.54537,112.269583333
0.02,0.0,0.99,57.114,-7.54532,112.269713333
0.05,0.0,1.03,57.042,-7.545268333,112.269845
0.01,0.01,0.97,55.8,-7.545216667,112.269975
0.02,0.01,0.99,55.764,-7.545168333,112.270105
0.0,0.01,0.99,56.1348,-7.54512,112.270236667
0.02,0.02,0.97,55.6524,-7.54507,112.270366667
0.02,0.0,0.99,55.6164,-7.545021667,112.270498333
0.0,0.03,1.0,55.4868,-7.544971667,112.27063
0.02,0.03,0.98,55.4868,-7.54492,112.27076
0.02,0.0,1.0,55.4868,-7.544871667,112.270893333
0.0,0.01,0.99,56.0772,-7.54482,112.271025
0.0,0.0,0.97,54.5616,-7.544771667,112.271153333
0.01,0.01,1.01,55.08,-7.544723333,112.271283333
0.04,0.02,1.0,54.504,-7.544678333,112.271413333
0.03,0.02,0.92,54.45,-7.544633333,112.27154
0.03,0.0,1.02,53.7804,-7.544586667,112.271665
0.02,0.03,1.08,52.3188,-7.544541667,112.27179
0.01,0.02,0.99,52.3188,-7.544498333,112.271915
0.03,0.01,0.88,51.4872,-7.544453333,112.272036667
0.05,0.03,0.97,51.0228,-7.54441,112.27216
0.02,0.03,1.0,50.3748,-7.544365,112.272281667
0.01,0.05,0.98,49.7268,-7.544325,112.272398333
0.02,0.06,1.05,48.726,-7.544283333,112.272513333
0.0,0.03,0.92,48.2076,-7.544241667,112.272626667
0.02,0.01,0.95,47.1132,-7.5442,112.272736667
0.02,0.02,1.0,47.1132,-7.54416,112.272846667
0.01,0.03,1.01,46.3572,-7.54412,112.272955
0.03,0.01,0.99,46.4472,-7.544081667,112.273061667
0.01,0.0,1.01,46.3752,-7.544041667,112.273168333
0.03,0.01,1.0,44.7804,-7.544003333,112.273275
0.0,0.01,0.99,43.8552,-7.543963333,112.273376667
0.0,0.0,1.0,43.3548,-7.543925,112.27348
0.02,0.0,1.01,44.5788,-7.543885,112.273583333
0.0,0.01,1.01,45.486,-7.543843333,112.27369
0.02,0.01,0.98,43.9848,-7.543805,112.273795
0.02,0.0,1.01,43.9848,-7.543766667,112.273898333
0.01,0.01,0.97,44.5392,-7.543728333,112.274003333
0.02,0.0,1.0,43.9092,-7.543691667,112.274106667
0.02,0.01,0.97,43.9848,-7.543651667,112.274208333
0.01,0.01,1.0,44.5788,-7.543613333,112.274311667
0.0,0.01,1.01,44.0604,-7.543575,112.274413333
0.02,0.0,0.99,44.0388,-7.543538333,112.274516667
0.02,0.01,1.0,43.4484,-7.543498333,112.274618333
0.03,0.0,0.99,43.5204,-7.54346,112.274721667
0.01,0.02,0.97,43.4664,-7.543421667,112.274828333
0.02,0.0,0.99,43.3548,-7.543385,112.274928333
0.02,0.02,0.97,42.5412,-7.543346667,112.275028333
0.03,0.01,1.0,42.3936,-7.543306667,112.275126667
0.0,0.02,0.98,42.4296,-7.543268333,112.275226667
0.02,0.02,0.96,43.0776,-7.543231667,112.275325
0.04,0.08,0.97,42.1344,-7.543195,112.275426667
0.03,0.02,0.97,41.3568,-7.543156667,112.275526667
0.01,0.0,0.99,41.022,-7.543121667,112.275623333
0.0,0.02,1.03,40.6152,-7.543083333,112.275718333
0.03,0.06,0.98,40.6152,-7.543046667,112.275813333
0.01,0.01,0.99,39.6684,-7.54301,112.275905
0.02,0.03,0.98,38.9088,-7.542976667,112.275991667
0.02,0.0,0.98,38.8368,-7.542941667,112.27608
0.02,0.02,1.03,37.4652,-7.542905,112.276163333
0.04,0.02,1.0,36.7056,-7.542868333,112.276248333
0.02,0.02,0.99,35.4276,-7.542835,112.276331667
0.02,0.0,0.96,35.4096,-7.542803333,112.276413333
0.03,0.01,1.0,34.3908,-7.542771667,112.276491667
0.02,0.01,0.99,33.5772,-7.542741667,112.276568333
0.0,0.04,1.02,32.3712,-7.542716667,112.276643333
0.0,0.0,1.07,31.464,-7.542691667,112.276718333
0.02,0.04,0.97,30.15,-7.542665,112.276793333
0.0,0.01,0.98,28.872,-7.54264,112.276861667
0.01,0.03,1.02,27.1512,-7.542615,112.276926667
0.02,0.0,1.0,27.2988,-7.542591667,112.276986667
0.01,0.01,0.97,26.7048,-7.542568333,112.277041667
0.03,0.02,1.02,25.5024,-7.542548333,112.277101667
0.02,0.02,1.04,24.2424,-7.542528333,112.277153333
0.03,0.0,0.99,23.5584,-7.542508333,112.277206667
0.02,0.0,1.0,23.5944,-7.542485,112.277263333
0.03,0.0,1.0,22.7232,-7.542465,112.277318333
0.0,0.02,0.98,21.8736,-7.542446667,112.277368333
0.01,0.01,1.01,22.1868,-7.54243,112.277418333
0.02,0.02,1.01,22.8528,-7.542415,112.277471667
0.01,0.01,0.98,21.762,-7.542398333,112.277521667
0.02,0.01,1.0,21.6144,-7.54238,112.277573333
0.03,0.0,0.99,21.0564,-7.542363333,112.277618333
0.03,0.02,0.97,21.9636,-7.542343333,112.277666667
0.01,0.01,1.03,22.428,-7.542321667,112.277718333
0.02,0.02,0.97,21.762,-7.542298333,112.277768333
0.02,0.02,1.01,21.7224,-7.542271667,112.277816667
0.02,0.0,0.97,21.204,-7.542246667,112.277865
0.04,0.01,0.99,21.0744,-7.542223333,112.27791
0.03,0.0,0.98,20.556,-7.542198333,112.277955
0.03,0.0,1.0,20.0016,-7.542173333,112.277998333
0.04,0.0,0.95,20.6856,-7.54215,112.278045
0.03,0.01,0.98,21.2256,-7.542128333,112.278095
0.05,0.01,0.99,21.6864,-7.542108333,112.278145
0.05,0.01,0.99,21.744,-7.542088333,112.2782
0.02,0.0,0.99,22.2048,-7.542068333,112.278255
0.02,0.02,0.98,22.1508,-7.542051667,112.278308333
0.02,0.01,1.01,21.816,-7.542033333,112.27836
0.01,0.0,0.99,21.2796,-7.542018333,112.278408333
0.01,0.01,1.03,20.502,-7.542003333,112.278458333
0.02,0.0,1.0,20.502,-7.54199,112.278515
0.03,0.01,0.97,21.0744,-7.541971667,112.278571667
0.04,0.0,1.03,21.0744,-7.541956667,112.278621667
0.01,0.0,0.99,20.2968,-7.54194,112.278676667
0.03,0.0,1.0,20.7036,-7.541915,112.27873
0.0,0.01,0.99,21.0384,-7.5419,112.278783333
0.04,0.02,0.99,21.0204,-7.541891667,112.278826667
0.02,0.0,0.99,19.836,-7.541878333,112.278873333
0.02,0.01,0.99,20.7792,-7.541861667,112.27892
0.03,0.0,0.96,20.0016,-7.541843333,112.27897
0.04,0.01,0.97,18.9828,-7.541825,112.279013333
0.02,0.01,1.01,19.0008,-7.54181,112.279055
0.02,0.02,0.99,19.3536,-7.541796667,112.279098333
0.01,0.02,0.99,19.7604,-7.54178,112.279148333
0.01,0.0,1.02,18.6876,-7.541761667,112.279191667
0.0,0.03,1.06,18.0576,-7.541741667,112.279233333
0.04,0.04,1.01,17.6868,-7.541725,112.279276667
0.03,0.01,0.98,17.5932,-7.541708333,112.279321667
0.03,0.01,0.96,15.6132,-7.541698333,112.279363333
0.03,0.02,1.04,15.1128,-7.541685,112.2794
0.01,0.01,1.0,14.3532,-7.541673333,112.279438333
0.02,0.03,1.01,13.41,-7.541666667,112.27947
0.0,0.01,0.98,11.8728,-7.541655,112.279496667
0.0,0.02,0.98,11.9448,-7.541643333,112.279525
0.03,0.01,0.97,11.502,-7.541635,112.279551667
0.03,0.01,1.01,10.4832,-7.541626667,112.279576667
0.03,0.02,1.01,8.928,-7.541618333,112.279598333
0.02,0.02,0.99,7.8696,-7.541611667,112.279621667
0.02,0.02,0.99,6.9264,-7.541605,112.27964
0.01,0.02,0.99,5.796,-7.541593333,112.27966
0.02,0.01,0.99,5.2236,-7.541586667,112.279676667
0.02,0.01,0.99,4.6656,-7.54158,112.279683333
0.02,0.01,0.99,4.0572,-7.541573333,112.279686667
0.02,0.01,0.99,3.9636,-7.541571667,112.279696667
0.02,0.0,0.99,2.52,-7.541561667,112.279696667
0.02,0.0,0.99,1.5372,-7.54156,112.279698333
0.02,0.0,0.99,1.89,-7.541558333,112.2797
0.02,0.0,0.98,1.7964,-7.541556667,112.279703333
0.02,0.0,1.0,1.3716,-7.541555,112.279706667
0.02,0.0,1.0,0.0,-7.541553333,112.27971
0.02,0.0,0.99,0.0,-7.541553333,112.27971
0.02,0.01,0.99,0.0,-7.541553333,112.27971
0.02,0.0,0.99,0.0,-7.541553333,112.27971
0.02,0.0,0.99,0.0,-7.541553333,112.27971
0.02,0.01,0.99,0.9252,-7.541553333,112.27971
0.02,0.01,0.99,0.0,-7.541553333,112.279713333
0.02,0.01,0.99,0.0,-7.541553333,112.279713333
0.02,0.01,0.99,1.1304,-7.541551667,112.279711667
0.02,0.01,1.0,0.4248,-7.54155,112.279711667
0.02,0.01,0.99,1.1844,-7.54155,112.27971
0.02,0.01,0.99,0.1836,-7.541551667,112.279708333
0.02,0.01,1.0,0.3888,-7.541551667,112.279708333
0.02,0.01,0.99,0.3132,-7.541551667,112.279706667
0.02,0.01,0.99,1.1664,-7.541551667,112.279708333
0.02,0.01,0.99,1.1124,-7.541551667,112.27971
0.02,0.0,0.99,0.3888,-7.541551667,112.279713333
0.02,0.01,0.99,0.4824,-7.541551667,112.279715
0.02,0.0,0.99,0.7236,-7.541551667,112.279715
0.02,0.01,0.99,0.2952,-7.541553333,112.279715
0.02,0.01,0.99,0.2592,-7.541551667,112.279715
0.02,0.01,0.99,0.3888,-7.541551667,112.279715
0.02,0.01,0.99,0.594,-7.541551667,112.279715
0.02,0.0,0.99,0.9828,-7.541551667,112.279716667
0.02,0.01,0.99,0.0,-7.541551667,112.27972
0.02,0.01,0.99,0.0,-7.541551667,112.27972
0.02,0.01,0.99,0.0,-7.541551667,112.27972
0.02,0.0,0.99,0.0,-7.541551667,112.27972
0.02,0.0,0.99,0.0,-7.541551667,112.27972
0.02,0.01,0.99,0.2052,-7.541551667,112.27972
0.02,0.01,0.99,0.0,-7.541553333,112.27972
0.02,0.01,0.99,0.0,-7.541553333,112.27972
0.02,0.0,0.99,nan,0.0,0.0
0.02,0.01,0.99,nan,0.0,0.0
